0.0 0.0
1e-06 0.0
2e-06 0.0
3e-06 0.0
4e-06 0.0
5e-06 0.0
6e-06 0.0
7e-06 0.0
8e-06 0.0
9e-06 0.0
1e-05 0.0
1.1e-05 0.0
1.2e-05 0.0
1.3e-05 0.0
1.4e-05 0.0
1.5e-05 0.0
1.6e-05 0.0
1.7e-05 0.0
1.8e-05 0.0
1.9e-05 0.0
2e-05 0.0
2.1e-05 0.0
2.2e-05 0.0
2.3e-05 0.0
2.4e-05 0.0
2.5e-05 0.0
2.6e-05 0.0
2.7e-05 0.0
2.8e-05 0.0
2.9e-05 0.0
3e-05 0.0
3.1e-05 0.0
3.2e-05 0.0
3.3e-05 0.0
3.4e-05 0.0
3.5e-05 0.0
3.6e-05 0.0
3.7e-05 0.0
3.8e-05 0.0
3.9e-05 0.0
4e-05 0.0
4.1e-05 0.0
4.2e-05 0.0
4.3e-05 0.0
4.4e-05 0.0
4.5e-05 0.0
4.6e-05 0.0
4.7e-05 0.0
4.8e-05 0.0
4.9e-05 0.0
5e-05 0.0
5.1e-05 0.0
5.2e-05 0.0
5.3e-05 0.0
5.4e-05 0.0
5.5e-05 0.0
5.6e-05 0.0
5.7e-05 0.0
5.8e-05 0.0
5.9e-05 0.0
6e-05 0.0
6.1e-05 0.0
6.2e-05 0.0
6.3e-05 0.0
6.4e-05 0.0
6.5e-05 0.0
6.6e-05 0.0
6.7e-05 0.0
6.8e-05 0.0
6.9e-05 0.0
7e-05 0.0
7.1e-05 0.0
7.2e-05 0.0
7.3e-05 0.0
7.4e-05 0.0
7.5e-05 0.0
7.6e-05 0.0
7.7e-05 0.0
7.8e-05 0.0
7.9e-05 0.0
8e-05 0.0
8.1e-05 0.0
8.2e-05 0.0
8.3e-05 0.0
8.4e-05 0.0
8.5e-05 0.0
8.6e-05 0.0
8.7e-05 0.0
8.8e-05 0.0
8.9e-05 0.0
9e-05 0.0
9.1e-05 0.0
9.2e-05 0.0
9.3e-05 0.0
9.4e-05 0.0
9.5e-05 0.0
9.6e-05 0.0
9.7e-05 0.0
9.8e-05 0.0
9.9e-05 0.0
0.0001 0.0
0.000101 0.0
0.000102 0.0
0.000103 0.0
0.000104 0.0
0.000105 0.0
0.000106 0.0
0.000107 0.0
0.000108 0.0
0.000109 0.0
0.00011 0.0
0.000111 0.0
0.000112 0.0
0.000113 0.0
0.000114 0.0
0.000115 0.0
0.000116 0.0
0.000117 0.0
0.000118 0.0
0.000119 0.0
0.00012 0.0
0.000121 0.0
0.000122 0.0
0.000123 0.0
0.000124 0.0
0.000125 0.0
0.000126 0.0
0.000127 0.0
0.000128 0.0
0.000129 0.0
0.00013 0.0
0.000131 0.0
0.000132 0.0
0.000133 0.0
0.000134 0.0
0.000135 0.0
0.000136 0.0
0.000137 0.0
0.000138 0.0
0.000139 0.0
0.00014 0.0
0.000141 0.0
0.000142 0.0
0.000143 0.0
0.000144 0.0
0.000145 0.0
0.000146 0.0
0.000147 0.0
0.000148 0.0
0.000149 0.0
0.00015 0.0
0.000151 0.0
0.000152 0.0
0.000153 0.0
0.000154 0.0
0.000155 0.0
0.000156 0.0
0.000157 0.0
0.000158 0.0
0.000159 0.0
0.00016 0.0
0.000161 0.0
0.000162 0.0
0.000163 0.0
0.000164 0.0
0.000165 0.0
0.000166 0.0
0.000167 0.0
0.000168 0.0
0.000169 0.0
0.00017 0.0
0.000171 0.0
0.000172 0.0
0.000173 0.0
0.000174 0.0
0.000175 0.0
0.000176 0.0
0.000177 0.0
0.000178 0.0
0.000179 0.0
0.00018 0.0
0.000181 0.0
0.000182 0.0
0.000183 0.0
0.000184 0.0
0.000185 0.0
0.000186 0.0
0.000187 0.0
0.000188 0.0
0.000189 0.0
0.00019 0.0
0.000191 0.0
0.000192 0.0
0.000193 0.0
0.000194 0.0
0.000195 0.0
0.000196 0.0
0.000197 0.0
0.000198 0.0
0.000199 0.0
0.0002 0.0
0.000201 0.0
0.000202 0.0
0.000203 0.0
0.000204 0.0
0.000205 0.0
0.000206 0.0
0.000207 0.0
0.000208 0.0
0.000209 0.0
0.00021 0.0
0.000211 0.0
0.000212 0.0
0.000213 0.0
0.000214 0.0
0.000215 0.0
0.000216 0.0
0.000217 0.0
0.000218 0.0
0.000219 0.0
0.00022 0.0
0.000221 0.0
0.000222 0.0
0.000223 0.0
0.000224 0.0
0.000225 0.0
0.000226 0.0
0.000227 0.0
0.000228 0.0
0.000229 0.0
0.00023 0.0
0.000231 0.0
0.000232 0.0
0.000233 0.0
0.000234 0.0
0.000235 0.0
0.000236 3.4e-11
0.000237 3.4e-11
0.000238 3.4e-11
0.000239 3.4e-11
0.00024 3.4e-11
0.000241 3.4e-11
0.000242 3.4e-11
0.000243 3.4e-11
0.000244 3.4e-11
0.000245 3.4e-11
0.000246 3.4e-11
0.000247 3.4e-11
0.000248 3.4e-11
0.000249 3.4e-11
0.00025 3.4e-11
0.000251 3.4e-11
0.000252 3.4e-11
0.000253 3.4e-11
0.000254 3.4e-11
0.000255 3.4e-11
0.000256 3.4e-11
0.000257 3.4e-11
0.000258 3.4e-11
0.000259 3.4e-11
0.00026 3.4e-11
0.000261 3.4e-11
0.000262 3.4e-11
0.000263 3.4e-11
0.000264 3.4e-11
0.000265 3.4e-11
0.000266 3.4e-11
0.000267 3.4e-11
0.000268 3.4e-11
0.000269 3.4e-11
0.00027 3.4e-11
0.000271 3.4e-11
0.000272 3.4e-11
0.000273 3.4e-11
0.000274 3.4e-11
0.000275 3.4e-11
0.000276 3.4e-11
0.000277 3.4e-11
0.000278 3.4e-11
0.000279 3.4e-11
0.00028 3.4e-11
0.000281 3.4e-11
0.000282 3.4e-11
0.000283 3.4e-11
0.000284 3.4e-11
0.000285 3.4e-11
0.000286 3.4e-11
0.000287 3.4e-11
0.000288 3.4e-11
0.000289 6.8e-11
0.00029 6.8e-11
0.000291 6.8e-11
0.000292 6.8e-11
0.000293 6.8e-11
0.000294 6.8e-11
0.000295 6.8e-11
0.000296 6.8e-11
0.000297 6.8e-11
0.000298 6.8e-11
0.000299 6.8e-11
0.0003 6.8e-11
0.000301 6.8e-11
0.000302 6.8e-11
0.000303 6.8e-11
0.000304 6.8e-11
0.000305 6.8e-11
0.000306 6.8e-11
0.000307 6.8e-11
0.000308 6.8e-11
0.000309 6.8e-11
0.00031 6.8e-11
0.000311 3.4e-11
0.000312 3.4e-11
0.000313 6.8e-11
0.000314 6.8e-11
0.000315 6.8e-11
0.000316 6.8e-11
0.000317 6.8e-11
0.000318 6.8e-11
0.000319 6.8e-11
0.00032 6.8e-11
0.000321 6.8e-11
0.000322 6.8e-11
0.000323 6.8e-11
0.000324 6.8e-11
0.000325 6.8e-11
0.000326 6.8e-11
0.000327 6.8e-11
0.000328 6.8e-11
0.000329 6.8e-11
0.00033 6.8e-11
0.000331 6.8e-11
0.000332 6.8e-11
0.000333 6.8e-11
0.000334 6.8e-11
0.000335 6.8e-11
0.000336 6.8e-11
0.000337 6.8e-11
0.000338 6.8e-11
0.000339 6.8e-11
0.00034 6.8e-11
0.000341 6.8e-11
0.000342 2.04e-10
0.000343 2.04e-10
0.000344 2.04e-10
0.000345 2.04e-10
0.000346 2.04e-10
0.000347 2.04e-10
0.000348 2.04e-10
0.000349 2.04e-10
0.00035 2.04e-10
0.000351 2.04e-10
0.000352 2.04e-10
0.000353 2.04e-10
0.000354 2.04e-10
0.000355 2.04e-10
0.000356 2.04e-10
0.000357 2.04e-10
0.000358 2.04e-10
0.000359 2.04e-10
0.00036 2.04e-10
0.000361 2.04e-10
0.000362 2.04e-10
0.000363 2.04e-10
0.000364 2.04e-10
0.000365 2.04e-10
0.000366 2.04e-10
0.000367 2.04e-10
0.000368 2.04e-10
0.000369 2.04e-10
0.00037 2.04e-10
0.000371 2.04e-10
0.000372 2.04e-10
0.000373 2.04e-10
0.000374 2.04e-10
0.000375 1.7e-10
0.000376 1.7e-10
0.000377 1.7e-10
0.000378 1.7e-10
0.000379 1.7e-10
0.00038 1.7e-10
0.000381 1.7e-10
0.000382 1.7e-10
0.000383 1.7e-10
0.000384 1.7e-10
0.000385 1.7e-10
0.000386 2.04e-10
0.000387 2.04e-10
0.000388 2.04e-10
0.000389 2.04e-10
0.00039 2.04e-10
0.000391 2.04e-10
0.000392 2.04e-10
0.000393 2.04e-10
0.000394 2.04e-10
0.000395 2.04e-10
0.000396 2.04e-10
0.000397 2.04e-10
0.000398 2.04e-10
0.000399 2.04e-10
0.0004 2.04e-10
0.000401 2.04e-10
0.000402 2.04e-10
0.000403 2.04e-10
0.000404 2.04e-10
0.000405 2.04e-10
0.000406 2.04e-10
0.000407 2.38e-10
0.000408 2.38e-10
0.000409 2.38e-10
0.00041 2.38e-10
0.000411 2.38e-10
0.000412 2.38e-10
0.000413 2.38e-10
0.000414 2.38e-10
0.000415 2.38e-10
0.000416 2.38e-10
0.000417 2.38e-10
0.000418 2.38e-10
0.000419 2.38e-10
0.00042 2.38e-10
0.000421 2.38e-10
0.000422 2.38e-10
0.000423 2.72e-10
0.000424 2.72e-10
0.000425 2.72e-10
0.000426 2.38e-10
0.000427 1.02e-10
0.000428 1.02e-10
0.000429 1.02e-10
0.00043 1.02e-10
0.000431 1.02e-10
0.000432 1.02e-10
0.000433 1.02e-10
0.000434 1.02e-10
0.000435 1.02e-10
0.000436 1.02e-10
0.000437 1.02e-10
0.000438 1.02e-10
0.000439 1.02e-10
0.00044 1.02e-10
0.000441 1.02e-10
0.000442 1.02e-10
0.000443 1.02e-10
0.000444 1.02e-10
0.000445 1.02e-10
0.000446 1.02e-10
0.000447 1.02e-10
0.000448 1.02e-10
0.000449 1.02e-10
0.00045 1.02e-10
0.000451 2.38e-10
0.000452 2.38e-10
0.000453 2.38e-10
0.000454 2.38e-10
0.000455 2.38e-10
0.000456 2.38e-10
0.000457 2.04e-10
0.000458 2.04e-10
0.000459 2.04e-10
0.00046 2.04e-10
0.000461 2.04e-10
0.000462 2.04e-10
0.000463 2.04e-10
0.000464 2.04e-10
0.000465 2.04e-10
0.000466 2.38e-10
0.000467 2.38e-10
0.000468 2.38e-10
0.000469 2.38e-10
0.00047 2.38e-10
0.000471 2.38e-10
0.000472 2.38e-10
0.000473 2.38e-10
0.000474 2.38e-10
0.000475 2.38e-10
0.000476 2.38e-10
0.000477 2.38e-10
0.000478 2.38e-10
0.000479 2.38e-10
0.00048 2.38e-10
0.000481 2.38e-10
0.000482 2.38e-10
0.000483 2.38e-10
0.000484 2.38e-10
0.000485 2.38e-10
0.000486 2.38e-10
0.000487 2.38e-10
0.000488 2.38e-10
0.000489 2.38e-10
0.00049 2.38e-10
0.000491 2.38e-10
0.000492 2.38e-10
0.000493 2.38e-10
0.000494 2.38e-10
0.000495 2.38e-10
0.000496 2.38e-10
0.000497 2.38e-10
0.000498 2.38e-10
0.000499 2.38e-10
0.0005 2.38e-10
0.000501 2.72e-10
0.000502 2.72e-10
0.000503 2.72e-10
0.000504 2.72e-10
0.000505 2.38e-10
0.000506 2.72e-10
0.000507 2.38e-10
0.000508 2.38e-10
0.000509 2.38e-10
0.00051 2.38e-10
0.000511 2.38e-10
0.000512 2.38e-10
0.000513 2.38e-10
0.000514 2.38e-10
0.000515 2.38e-10
0.000516 2.38e-10
0.000517 2.38e-10
0.000518 2.38e-10
0.000519 2.04e-10
0.00052 2.04e-10
0.000521 2.04e-10
0.000522 2.38e-10
0.000523 2.38e-10
0.000524 2.38e-10
0.000525 2.38e-10
0.000526 2.38e-10
0.000527 2.38e-10
0.000528 2.38e-10
0.000529 2.72e-10
0.00053 2.72e-10
0.000531 2.72e-10
0.000532 2.72e-10
0.000533 2.72e-10
0.000534 2.72e-10
0.000535 2.72e-10
0.000536 2.72e-10
0.000537 2.72e-10
0.000538 2.72e-10
0.000539 2.72e-10
0.00054 2.72e-10
0.000541 2.72e-10
0.000542 2.38e-10
0.000543 2.38e-10
0.000544 2.38e-10
0.000545 2.38e-10
0.000546 2.38e-10
0.000547 2.38e-10
0.000548 2.38e-10
0.000549 2.38e-10
0.00055 2.38e-10
0.000551 2.38e-10
0.000552 2.38e-10
0.000553 2.38e-10
0.000554 2.38e-10
0.000555 2.38e-10
0.000556 2.72e-10
0.000557 2.72e-10
0.000558 2.72e-10
0.000559 2.72e-10
0.00056 2.72e-10
0.000561 2.72e-10
0.000562 2.72e-10
0.000563 2.72e-10
0.000564 2.72e-10
0.000565 2.72e-10
0.000566 3.06e-10
0.000567 3.06e-10
0.000568 3.06e-10
0.000569 3.06e-10
0.00057 3.06e-10
0.000571 3.06e-10
0.000572 3.06e-10
0.000573 3.06e-10
0.000574 3.06e-10
0.000575 3.06e-10
0.000576 3.06e-10
0.000577 3.06e-10
0.000578 3.06e-10
0.000579 3.06e-10
0.00058 3.06e-10
0.000581 3.06e-10
0.000582 3.06e-10
0.000583 3.06e-10
0.000584 3.06e-10
0.000585 3.06e-10
0.000586 3.06e-10
0.000587 3.06e-10
0.000588 3.06e-10
0.000589 3.4e-10
0.00059 3.4e-10
0.000591 3.4e-10
0.000592 3.4e-10
0.000593 3.4e-10
0.000594 3.4e-10
0.000595 3.4e-10
0.000596 3.4e-10
0.000597 3.4e-10
0.000598 3.4e-10
0.000599 3.4e-10
0.0006 3.4e-10
0.000601 3.4e-10
0.000602 3.4e-10
0.000603 3.4e-10
0.000604 3.4e-10
0.000605 3.4e-10
0.000606 3.4e-10
0.000607 3.4e-10
0.000608 3.4e-10
0.000609 3.4e-10
0.00061 3.4e-10
0.000611 3.4e-10
0.000612 3.4e-10
0.000613 3.4e-10
0.000614 3.4e-10
0.000615 3.4e-10
0.000616 3.4e-10
0.000617 3.4e-10
0.000618 3.4e-10
0.000619 3.4e-10
0.00062 3.4e-10
0.000621 3.4e-10
0.000622 3.4e-10
0.000623 3.4e-10
0.000624 3.4e-10
0.000625 3.4e-10
0.000626 3.4e-10
0.000627 3.4e-10
0.000628 3.4e-10
0.000629 3.4e-10
0.00063 3.4e-10
0.000631 3.4e-10
0.000632 3.4e-10
0.000633 3.4e-10
0.000634 3.4e-10
0.000635 3.06e-10
0.000636 3.06e-10
0.000637 3.06e-10
0.000638 3.4e-10
0.000639 3.4e-10
0.00064 3.4e-10
0.000641 3.4e-10
0.000642 3.4e-10
0.000643 3.4e-10
0.000644 3.4e-10
0.000645 3.4e-10
0.000646 3.4e-10
0.000647 3.4e-10
0.000648 3.4e-10
0.000649 3.4e-10
0.00065 3.4e-10
0.000651 3.4e-10
0.000652 3.4e-10
0.000653 3.4e-10
0.000654 3.4e-10
0.000655 3.4e-10
0.000656 2.04e-10
0.000657 2.04e-10
0.000658 2.04e-10
0.000659 2.04e-10
0.00066 2.04e-10
0.000661 2.04e-10
0.000662 3.4e-10
0.000663 3.4e-10
0.000664 3.06e-10
0.000665 3.06e-10
0.000666 3.06e-10
0.000667 3.06e-10
0.000668 3.4e-10
0.000669 3.4e-10
0.00067 3.4e-10
0.000671 3.4e-10
0.000672 3.4e-10
0.000673 3.4e-10
0.000674 3.4e-10
0.000675 3.4e-10
0.000676 3.4e-10
0.000677 3.4e-10
0.000678 3.4e-10
0.000679 3.4e-10
0.00068 3.06e-10
0.000681 3.06e-10
0.000682 3.06e-10
0.000683 3.06e-10
0.000684 3.06e-10
0.000685 2.72e-10
0.000686 2.72e-10
0.000687 2.72e-10
0.000688 2.72e-10
0.000689 2.72e-10
0.00069 2.72e-10
0.000691 2.72e-10
0.000692 2.72e-10
0.000693 2.72e-10
0.000694 2.72e-10
0.000695 2.72e-10
0.000696 2.72e-10
0.000697 2.72e-10
0.000698 2.72e-10
0.000699 2.72e-10
0.0007 2.72e-10
0.000701 2.72e-10
0.000702 2.38e-10
0.000703 2.38e-10
0.000704 2.04e-10
0.000705 2.04e-10
0.000706 2.04e-10
0.000707 2.04e-10
0.000708 2.04e-10
0.000709 2.04e-10
0.00071 2.04e-10
0.000711 2.04e-10
0.000712 2.04e-10
0.000713 2.04e-10
0.000714 2.04e-10
0.000715 1.7e-10
0.000716 1.7e-10
0.000717 1.7e-10
0.000718 1.7e-10
0.000719 1.7e-10
0.00072 1.7e-10
0.000721 2.04e-10
0.000722 2.04e-10
0.000723 2.04e-10
0.000724 2.04e-10
0.000725 2.04e-10
0.000726 2.04e-10
0.000727 2.04e-10
0.000728 2.04e-10
0.000729 2.04e-10
0.00073 2.04e-10
0.000731 2.04e-10
0.000732 2.04e-10
0.000733 2.04e-10
0.000734 2.04e-10
0.000735 6.8e-11
0.000736 6.8e-11
0.000737 6.8e-11
0.000738 6.8e-11
0.000739 6.8e-11
0.00074 6.8e-11
0.000741 6.8e-11
0.000742 6.8e-11
0.000743 6.8e-11
0.000744 6.8e-11
0.000745 2.04e-10
0.000746 2.04e-10
0.000747 2.04e-10
0.000748 2.04e-10
0.000749 2.04e-10
0.00075 2.04e-10
0.000751 2.04e-10
0.000752 2.04e-10
0.000753 2.04e-10
0.000754 2.04e-10
0.000755 2.04e-10
0.000756 2.04e-10
0.000757 2.04e-10
0.000758 2.04e-10
0.000759 2.04e-10
0.00076 2.38e-10
0.000761 2.38e-10
0.000762 2.38e-10
0.000763 2.38e-10
0.000764 2.38e-10
0.000765 2.38e-10
0.000766 2.72e-10
0.000767 2.72e-10
0.000768 2.72e-10
0.000769 2.72e-10
0.00077 2.72e-10
0.000771 2.72e-10
0.000772 2.72e-10
0.000773 2.72e-10
0.000774 2.72e-10
0.000775 2.72e-10
0.000776 2.72e-10
0.000777 2.72e-10
0.000778 2.72e-10
0.000779 2.72e-10
0.00078 2.72e-10
0.000781 2.72e-10
0.000782 3.06e-10
0.000783 3.06e-10
0.000784 3.06e-10
0.000785 3.06e-10
0.000786 3.06e-10
0.000787 3.06e-10
0.000788 3.06e-10
0.000789 3.06e-10
0.00079 3.06e-10
0.000791 3.06e-10
0.000792 3.06e-10
0.000793 3.06e-10
0.000794 2.72e-10
0.000795 2.72e-10
0.000796 2.72e-10
0.000797 2.72e-10
0.000798 2.72e-10
0.000799 3.06e-10
0.0008 3.06e-10
0.000801 3.06e-10
0.000802 2.72e-10
0.000803 2.72e-10
0.000804 2.38e-10
0.000805 2.38e-10
0.000806 2.38e-10
0.000807 2.38e-10
0.000808 2.38e-10
0.000809 2.38e-10
0.00081 2.38e-10
0.000811 2.38e-10
0.000812 2.38e-10
0.000813 2.38e-10
0.000814 2.38e-10
0.000815 2.38e-10
0.000816 2.38e-10
0.000817 2.38e-10
0.000818 2.04e-10
0.000819 2.04e-10
0.00082 2.04e-10
0.000821 2.04e-10
0.000822 2.04e-10
0.000823 2.04e-10
0.000824 2.04e-10
0.000825 2.04e-10
0.000826 2.04e-10
0.000827 2.04e-10
0.000828 2.04e-10
0.000829 2.04e-10
0.00083 2.04e-10
0.000831 2.04e-10
0.000832 2.04e-10
0.000833 2.38e-10
0.000834 2.72e-10
0.000835 2.72e-10
0.000836 2.72e-10
0.000837 2.72e-10
0.000838 2.72e-10
0.000839 2.72e-10
0.00084 2.72e-10
0.000841 2.72e-10
0.000842 2.72e-10
0.000843 3.06e-10
0.000844 3.06e-10
0.000845 3.06e-10
0.000846 3.06e-10
0.000847 3.06e-10
0.000848 3.06e-10
0.000849 3.06e-10
0.00085 2.72e-10
0.000851 2.72e-10
0.000852 2.72e-10
0.000853 2.72e-10
0.000854 2.72e-10
0.000855 2.72e-10
0.000856 2.72e-10
0.000857 2.72e-10
0.000858 2.72e-10
0.000859 2.72e-10
0.00086 2.72e-10
0.000861 2.72e-10
0.000862 2.72e-10
0.000863 3.06e-10
0.000864 3.06e-10
0.000865 3.06e-10
0.000866 3.06e-10
0.000867 3.4e-10
0.000868 3.4e-10
0.000869 3.4e-10
0.00087 3.4e-10
0.000871 3.4e-10
0.000872 3.4e-10
0.000873 3.4e-10
0.000874 3.4e-10
0.000875 3.4e-10
0.000876 2.04e-10
0.000877 2.04e-10
0.000878 2.04e-10
0.000879 2.04e-10
0.00088 2.04e-10
0.000881 2.04e-10
0.000882 2.04e-10
0.000883 2.04e-10
0.000884 3.4e-10
0.000885 3.4e-10
0.000886 3.4e-10
0.000887 3.4e-10
0.000888 3.4e-10
0.000889 3.4e-10
0.00089 3.4e-10
0.000891 3.06e-10
0.000892 3.06e-10
0.000893 3.06e-10
0.000894 3.06e-10
0.000895 3.06e-10
0.000896 3.06e-10
0.000897 3.06e-10
0.000898 3.06e-10
0.000899 3.06e-10
0.0009 3.06e-10
0.000901 3.06e-10
0.000902 3.06e-10
0.000903 2.72e-10
0.000904 2.72e-10
0.000905 2.72e-10
0.000906 2.72e-10
0.000907 2.72e-10
0.000908 2.72e-10
0.000909 2.72e-10
0.00091 2.72e-10
0.000911 2.72e-10
0.000912 2.72e-10
0.000913 3.06e-10
0.000914 3.06e-10
0.000915 3.06e-10
0.000916 3.4e-10
0.000917 3.4e-10
0.000918 3.4e-10
0.000919 3.4e-10
0.00092 3.74e-10
0.000921 3.74e-10
0.000922 3.74e-10
0.000923 3.74e-10
0.000924 3.74e-10
0.000925 3.74e-10
0.000926 3.74e-10
0.000927 3.74e-10
0.000928 3.74e-10
0.000929 3.4e-10
0.00093 3.4e-10
0.000931 3.4e-10
0.000932 3.4e-10
0.000933 3.4e-10
0.000934 3.4e-10
0.000935 3.4e-10
0.000936 3.4e-10
0.000937 3.06e-10
0.000938 3.06e-10
0.000939 3.06e-10
0.00094 3.06e-10
0.000941 3.06e-10
0.000942 3.06e-10
0.000943 3.06e-10
0.000944 3.06e-10
0.000945 3.06e-10
0.000946 3.06e-10
0.000947 3.06e-10
0.000948 3.06e-10
0.000949 3.06e-10
0.00095 3.06e-10
0.000951 3.06e-10
0.000952 3.06e-10
0.000953 3.06e-10
0.000954 3.06e-10
0.000955 3.06e-10
0.000956 3.06e-10
0.000957 2.72e-10
0.000958 2.72e-10
0.000959 3.06e-10
0.00096 3.4e-10
0.000961 3.4e-10
0.000962 3.4e-10
0.000963 3.4e-10
0.000964 3.06e-10
0.000965 3.06e-10
0.000966 3.4e-10
0.000967 3.06e-10
0.000968 3.06e-10
0.000969 3.06e-10
0.00097 3.06e-10
0.000971 3.06e-10
0.000972 3.06e-10
0.000973 3.06e-10
0.000974 3.06e-10
0.000975 3.06e-10
0.000976 3.06e-10
0.000977 3.06e-10
0.000978 3.06e-10
0.000979 3.06e-10
0.00098 3.06e-10
0.000981 3.06e-10
0.000982 3.06e-10
0.000983 3.06e-10
0.000984 3.06e-10
0.000985 3.4e-10
0.000986 3.4e-10
0.000987 3.4e-10
0.000988 3.4e-10
0.000989 3.4e-10
0.00099 3.4e-10
0.000991 3.4e-10
0.000992 3.4e-10
0.000993 3.06e-10
0.000994 3.06e-10
0.000995 3.06e-10
0.000996 3.06e-10
0.000997 2.72e-10
0.000998 2.72e-10
0.000999 2.72e-10
0.001 2.72e-10
0.001001 2.72e-10
0.001002 2.72e-10
0.001003 2.72e-10
0.001004 2.72e-10
0.001005 2.72e-10
0.001006 3.06e-10
0.001007 3.06e-10
0.001008 3.06e-10
0.001009 3.06e-10
0.00101 3.06e-10
0.001011 3.06e-10
0.001012 3.06e-10
0.001013 3.06e-10
0.001014 3.06e-10
0.001015 3.06e-10
0.001016 3.06e-10
0.001017 3.06e-10
0.001018 3.06e-10
0.001019 3.4e-10
0.00102 3.4e-10
0.001021 3.4e-10
0.001022 3.4e-10
0.001023 3.4e-10
0.001024 3.74e-10
0.001025 3.74e-10
0.001026 3.74e-10
0.001027 3.74e-10
0.001028 3.74e-10
0.001029 3.74e-10
0.00103 3.74e-10
0.001031 3.74e-10
0.001032 3.74e-10
0.001033 3.74e-10
0.001034 3.74e-10
0.001035 3.74e-10
0.001036 3.74e-10
0.001037 3.4e-10
0.001038 3.4e-10
0.001039 3.4e-10
0.00104 3.4e-10
0.001041 3.4e-10
0.001042 3.4e-10
0.001043 3.4e-10
0.001044 3.4e-10
0.001045 3.4e-10
0.001046 3.4e-10
0.001047 3.4e-10
0.001048 3.4e-10
0.001049 3.4e-10
0.00105 3.4e-10
0.001051 3.4e-10
0.001052 3.4e-10
0.001053 3.4e-10
0.001054 3.4e-10
0.001055 3.4e-10
0.001056 3.4e-10
0.001057 3.4e-10
0.001058 3.4e-10
0.001059 3.4e-10
0.00106 3.4e-10
0.001061 3.4e-10
0.001062 3.4e-10
0.001063 3.4e-10
0.001064 3.4e-10
0.001065 3.4e-10
0.001066 3.4e-10
0.001067 3.4e-10
0.001068 3.4e-10
0.001069 3.4e-10
0.00107 3.4e-10
0.001071 3.4e-10
0.001072 3.4e-10
0.001073 3.4e-10
0.001074 3.4e-10
0.001075 3.4e-10
0.001076 3.4e-10
0.001077 3.06e-10
0.001078 3.06e-10
0.001079 3.06e-10
0.00108 3.06e-10
0.001081 3.06e-10
0.001082 3.06e-10
0.001083 3.06e-10
0.001084 3.06e-10
0.001085 3.06e-10
0.001086 3.06e-10
0.001087 3.06e-10
0.001088 3.06e-10
0.001089 3.06e-10
0.00109 3.06e-10
0.001091 3.06e-10
0.001092 3.06e-10
0.001093 3.06e-10
0.001094 3.06e-10
0.001095 3.06e-10
0.001096 3.06e-10
0.001097 2.72e-10
0.001098 2.72e-10
0.001099 2.72e-10
0.0011 2.72e-10
0.001101 2.72e-10
0.001102 2.72e-10
0.001103 2.72e-10
0.001104 2.72e-10
0.001105 2.72e-10
0.001106 2.72e-10
0.001107 2.72e-10
0.001108 2.72e-10
0.001109 2.72e-10
0.00111 2.38e-10
0.001111 2.38e-10
0.001112 2.38e-10
0.001113 3.06e-10
0.001114 3.06e-10
0.001115 3.06e-10
0.001116 3.06e-10
0.001117 3.06e-10
0.001118 3.06e-10
0.001119 3.06e-10
0.00112 3.06e-10
0.001121 3.4e-10
0.001122 3.4e-10
0.001123 3.4e-10
0.001124 3.4e-10
0.001125 3.4e-10
0.001126 3.4e-10
0.001127 3.4e-10
0.001128 3.4e-10
0.001129 3.06e-10
0.00113 3.06e-10
0.001131 3.06e-10
0.001132 3.06e-10
0.001133 3.06e-10
0.001134 3.06e-10
0.001135 3.06e-10
0.001136 3.06e-10
0.001137 3.06e-10
0.001138 3.06e-10
0.001139 3.06e-10
0.00114 3.06e-10
0.001141 3.06e-10
0.001142 3.4e-10
0.001143 3.4e-10
0.001144 3.4e-10
0.001145 3.4e-10
0.001146 3.4e-10
0.001147 3.4e-10
0.001148 3.4e-10
0.001149 3.4e-10
0.00115 3.4e-10
0.001151 3.4e-10
0.001152 3.4e-10
0.001153 3.4e-10
0.001154 3.4e-10
0.001155 3.4e-10
0.001156 3.4e-10
0.001157 3.4e-10
0.001158 3.4e-10
0.001159 3.4e-10
0.00116 3.4e-10
0.001161 3.4e-10
0.001162 3.4e-10
0.001163 3.4e-10
0.001164 3.4e-10
0.001165 3.4e-10
0.001166 3.4e-10
0.001167 3.4e-10
0.001168 3.4e-10
0.001169 3.4e-10
0.00117 3.4e-10
0.001171 3.4e-10
0.001172 3.4e-10
0.001173 3.4e-10
0.001174 3.4e-10
0.001175 3.4e-10
0.001176 3.74e-10
0.001177 3.74e-10
0.001178 3.74e-10
0.001179 3.74e-10
0.00118 3.74e-10
0.001181 3.74e-10
0.001182 3.74e-10
0.001183 3.4e-10
0.001184 3.4e-10
0.001185 3.4e-10
0.001186 3.4e-10
0.001187 3.4e-10
0.001188 3.4e-10
0.001189 3.4e-10
0.00119 3.4e-10
0.001191 3.4e-10
0.001192 3.4e-10
0.001193 3.06e-10
0.001194 3.06e-10
0.001195 3.06e-10
0.001196 3.06e-10
0.001197 3.06e-10
0.001198 3.06e-10
0.001199 3.06e-10
0.0012 3.06e-10
0.001201 3.06e-10
0.001202 3.06e-10
0.001203 3.06e-10
0.001204 3.06e-10
0.001205 3.4e-10
0.001206 3.4e-10
0.001207 3.4e-10
0.001208 3.4e-10
0.001209 3.4e-10
0.00121 3.4e-10
0.001211 3.4e-10
0.001212 3.4e-10
0.001213 3.4e-10
0.001214 3.4e-10
0.001215 3.4e-10
0.001216 3.4e-10
0.001217 3.06e-10
0.001218 3.06e-10
0.001219 3.06e-10
0.00122 3.06e-10
0.001221 3.06e-10
0.001222 3.06e-10
0.001223 3.06e-10
0.001224 3.06e-10
0.001225 3.06e-10
0.001226 3.06e-10
0.001227 3.06e-10
0.001228 3.06e-10
0.001229 3.06e-10
0.00123 2.72e-10
0.001231 2.72e-10
0.001232 2.72e-10
0.001233 2.72e-10
0.001234 2.72e-10
0.001235 2.72e-10
0.001236 2.72e-10
0.001237 2.38e-10
0.001238 2.38e-10
0.001239 2.38e-10
0.00124 2.38e-10
0.001241 2.38e-10
0.001242 2.38e-10
0.001243 2.38e-10
0.001244 2.38e-10
0.001245 2.38e-10
0.001246 2.38e-10
0.001247 2.38e-10
0.001248 2.38e-10
0.001249 2.38e-10
0.00125 2.38e-10
0.001251 2.38e-10
0.001252 2.38e-10
0.001253 2.38e-10
0.001254 2.38e-10
0.001255 2.38e-10
0.001256 2.38e-10
0.001257 2.38e-10
0.001258 2.38e-10
0.001259 2.38e-10
0.00126 2.38e-10
0.001261 2.38e-10
0.001262 2.38e-10
0.001263 2.38e-10
0.001264 2.04e-10
0.001265 1.7e-10
0.001266 2.04e-10
0.001267 2.04e-10
0.001268 2.04e-10
0.001269 2.04e-10
0.00127 2.04e-10
0.001271 2.04e-10
0.001272 2.04e-10
0.001273 2.04e-10
0.001274 2.04e-10
0.001275 2.04e-10
0.001276 2.04e-10
0.001277 2.04e-10
0.001278 2.04e-10
0.001279 2.04e-10
0.00128 2.04e-10
0.001281 2.04e-10
0.001282 2.04e-10
0.001283 2.04e-10
0.001284 2.04e-10
0.001285 2.04e-10
0.001286 2.04e-10
0.001287 2.04e-10
0.001288 2.04e-10
0.001289 2.04e-10
0.00129 2.04e-10
0.001291 2.04e-10
0.001292 2.04e-10
0.001293 2.04e-10
0.001294 2.04e-10
0.001295 2.04e-10
0.001296 2.04e-10
0.001297 2.04e-10
0.001298 2.38e-10
0.001299 2.38e-10
0.0013 2.38e-10
0.001301 2.38e-10
0.001302 2.38e-10
0.001303 2.38e-10
0.001304 2.38e-10
0.001305 2.38e-10
0.001306 2.38e-10
0.001307 2.38e-10
0.001308 2.72e-10
0.001309 2.72e-10
0.00131 2.72e-10
0.001311 2.38e-10
0.001312 2.38e-10
0.001313 2.38e-10
0.001314 2.38e-10
0.001315 2.38e-10
0.001316 2.72e-10
0.001317 2.72e-10
0.001318 2.72e-10
0.001319 2.72e-10
0.00132 2.72e-10
0.001321 2.72e-10
0.001322 2.72e-10
0.001323 2.72e-10
0.001324 2.72e-10
0.001325 2.72e-10
0.001326 2.72e-10
0.001327 2.72e-10
0.001328 2.72e-10
0.001329 2.72e-10
0.00133 2.72e-10
0.001331 2.72e-10
0.001332 2.72e-10
0.001333 3.06e-10
0.001334 3.06e-10
0.001335 3.06e-10
0.001336 3.06e-10
0.001337 3.06e-10
0.001338 2.72e-10
0.001339 2.72e-10
0.00134 2.72e-10
0.001341 2.72e-10
0.001342 2.72e-10
0.001343 2.72e-10
0.001344 2.72e-10
0.001345 2.72e-10
0.001346 2.72e-10
0.001347 2.72e-10
0.001348 2.72e-10
0.001349 2.72e-10
0.00135 2.72e-10
0.001351 2.72e-10
0.001352 2.72e-10
0.001353 2.72e-10
0.001354 2.72e-10
0.001355 2.72e-10
0.001356 2.72e-10
0.001357 2.72e-10
0.001358 2.72e-10
0.001359 2.72e-10
0.00136 3.06e-10
0.001361 3.06e-10
0.001362 3.06e-10
0.001363 3.06e-10
0.001364 3.06e-10
0.001365 3.06e-10
0.001366 3.06e-10
0.001367 3.06e-10
0.001368 3.06e-10
0.001369 3.06e-10
0.00137 3.06e-10
0.001371 3.06e-10
0.001372 3.06e-10
0.001373 2.72e-10
0.001374 2.72e-10
0.001375 2.72e-10
0.001376 3.06e-10
0.001377 3.06e-10
0.001378 3.06e-10
0.001379 3.06e-10
0.00138 3.06e-10
0.001381 3.06e-10
0.001382 3.06e-10
0.001383 3.06e-10
0.001384 3.06e-10
0.001385 3.06e-10
0.001386 3.06e-10
0.001387 3.06e-10
0.001388 3.06e-10
0.001389 3.06e-10
0.00139 3.06e-10
0.001391 3.06e-10
0.001392 3.06e-10
0.001393 3.06e-10
0.001394 3.06e-10
0.001395 3.06e-10
0.001396 3.06e-10
0.001397 1.7e-10
0.001398 1.7e-10
0.001399 1.7e-10
0.0014 1.7e-10
0.001401 1.7e-10
0.001402 1.7e-10
0.001403 1.7e-10
0.001404 1.7e-10
0.001405 1.7e-10
0.001406 1.7e-10
0.001407 1.7e-10
0.001408 1.7e-10
0.001409 1.7e-10
0.00141 1.7e-10
0.001411 1.7e-10
0.001412 1.7e-10
0.001413 1.7e-10
0.001414 1.7e-10
0.001415 1.7e-10
0.001416 1.7e-10
0.001417 1.7e-10
0.001418 1.7e-10
0.001419 1.7e-10
0.00142 1.7e-10
0.001421 1.7e-10
0.001422 1.7e-10
0.001423 1.7e-10
0.001424 1.7e-10
0.001425 1.7e-10
0.001426 1.7e-10
0.001427 1.7e-10
0.001428 1.7e-10
0.001429 1.7e-10
0.00143 1.7e-10
0.001431 1.7e-10
0.001432 1.7e-10
0.001433 1.7e-10
0.001434 1.7e-10
0.001435 1.7e-10
0.001436 1.7e-10
0.001437 1.7e-10
0.001438 1.7e-10
0.001439 1.7e-10
0.00144 1.7e-10
0.001441 1.7e-10
0.001442 1.7e-10
0.001443 1.7e-10
0.001444 1.7e-10
0.001445 1.7e-10
0.001446 1.7e-10
0.001447 1.7e-10
0.001448 1.7e-10
0.001449 1.7e-10
0.00145 1.7e-10
0.001451 3.06e-10
0.001452 3.06e-10
0.001453 3.06e-10
0.001454 3.06e-10
0.001455 3.06e-10
0.001456 3.06e-10
0.001457 3.06e-10
0.001458 3.06e-10
0.001459 1.7e-10
0.00146 1.7e-10
0.001461 1.7e-10
0.001462 1.7e-10
0.001463 1.7e-10
0.001464 3.06e-10
0.001465 3.06e-10
0.001466 3.06e-10
0.001467 3.06e-10
0.001468 3.06e-10
0.001469 3.06e-10
0.00147 2.72e-10
0.001471 3.06e-10
0.001472 3.06e-10
0.001473 3.06e-10
0.001474 3.06e-10
0.001475 3.06e-10
0.001476 3.06e-10
0.001477 3.06e-10
0.001478 3.06e-10
0.001479 3.06e-10
0.00148 3.06e-10
0.001481 3.06e-10
0.001482 3.06e-10
0.001483 3.06e-10
0.001484 3.06e-10
0.001485 2.72e-10
0.001486 2.38e-10
0.001487 2.38e-10
0.001488 2.38e-10
0.001489 2.38e-10
0.00149 2.38e-10
0.001491 2.38e-10
0.001492 2.38e-10
0.001493 2.38e-10
0.001494 2.38e-10
0.001495 2.38e-10
0.001496 2.38e-10
0.001497 2.38e-10
0.001498 2.38e-10
0.001499 2.38e-10
0.0015 2.38e-10
0.001501 2.38e-10
0.001502 2.38e-10
0.001503 2.38e-10
0.001504 2.38e-10
0.001505 2.38e-10
0.001506 2.38e-10
0.001507 2.38e-10
0.001508 2.38e-10
0.001509 2.38e-10
0.00151 2.38e-10
0.001511 2.38e-10
0.001512 2.38e-10
0.001513 2.38e-10
0.001514 2.38e-10
0.001515 2.38e-10
0.001516 2.38e-10
0.001517 2.38e-10
0.001518 2.38e-10
0.001519 2.38e-10
0.00152 2.38e-10
0.001521 2.38e-10
0.001522 2.38e-10
0.001523 2.38e-10
0.001524 2.38e-10
0.001525 2.38e-10
0.001526 2.38e-10
0.001527 2.38e-10
0.001528 2.38e-10
0.001529 2.38e-10
0.00153 2.38e-10
0.001531 2.38e-10
0.001532 2.72e-10
0.001533 2.38e-10
0.001534 2.38e-10
0.001535 2.38e-10
0.001536 2.38e-10
0.001537 2.38e-10
0.001538 2.38e-10
0.001539 2.38e-10
0.00154 1.7e-10
0.001541 1.7e-10
0.001542 1.7e-10
0.001543 1.7e-10
0.001544 1.7e-10
0.001545 1.7e-10
0.001546 1.7e-10
0.001547 1.7e-10
0.001548 1.7e-10
0.001549 1.7e-10
0.00155 1.7e-10
0.001551 1.7e-10
0.001552 1.7e-10
0.001553 1.7e-10
0.001554 1.7e-10
0.001555 1.7e-10
0.001556 1.7e-10
0.001557 2.04e-10
0.001558 2.04e-10
0.001559 2.04e-10
0.00156 2.04e-10
0.001561 2.38e-10
0.001562 2.38e-10
0.001563 2.38e-10
0.001564 2.38e-10
0.001565 2.38e-10
0.001566 2.38e-10
0.001567 2.04e-10
0.001568 2.04e-10
0.001569 2.04e-10
0.00157 2.04e-10
0.001571 2.04e-10
0.001572 2.04e-10
0.001573 2.04e-10
0.001574 2.04e-10
0.001575 2.04e-10
0.001576 2.04e-10
0.001577 2.04e-10
0.001578 2.04e-10
0.001579 2.04e-10
0.00158 2.04e-10
0.001581 2.04e-10
0.001582 2.04e-10
0.001583 2.04e-10
0.001584 2.04e-10
0.001585 1.36e-10
0.001586 1.36e-10
0.001587 1.36e-10
0.001588 1.36e-10
0.001589 1.36e-10
0.00159 1.36e-10
0.001591 1.36e-10
0.001592 1.36e-10
0.001593 1.36e-10
0.001594 1.7e-10
0.001595 1.7e-10
0.001596 1.7e-10
0.001597 1.36e-10
0.001598 1.36e-10
0.001599 1.36e-10
0.0016 1.36e-10
0.001601 1.36e-10
0.001602 1.36e-10
0.001603 1.36e-10
0.001604 1.36e-10
0.001605 1.36e-10
0.001606 1.36e-10
0.001607 1.02e-10
0.001608 1.02e-10
0.001609 1.36e-10
0.00161 1.36e-10
0.001611 1.36e-10
0.001612 1.36e-10
0.001613 1.02e-10
0.001614 1.02e-10
0.001615 1.02e-10
0.001616 1.02e-10
0.001617 1.02e-10
0.001618 1.02e-10
0.001619 1.02e-10
0.00162 1.02e-10
0.001621 1.02e-10
0.001622 1.02e-10
0.001623 1.02e-10
0.001624 1.02e-10
0.001625 1.02e-10
0.001626 1.02e-10
0.001627 1.02e-10
0.001628 1.02e-10
0.001629 1.02e-10
0.00163 1.02e-10
0.001631 1.02e-10
0.001632 1.02e-10
0.001633 1.02e-10
0.001634 1.02e-10
0.001635 1.02e-10
0.001636 1.02e-10
0.001637 1.36e-10
0.001638 1.36e-10
0.001639 1.36e-10
0.00164 1.36e-10
0.001641 1.36e-10
0.001642 1.36e-10
0.001643 1.36e-10
0.001644 1.36e-10
0.001645 1.36e-10
0.001646 1.36e-10
0.001647 1.36e-10
0.001648 1.36e-10
0.001649 1.36e-10
0.00165 1.36e-10
0.001651 1.36e-10
0.001652 1.36e-10
0.001653 1.36e-10
0.001654 1.36e-10
0.001655 1.36e-10
0.001656 1.36e-10
0.001657 1.36e-10
0.001658 1.36e-10
0.001659 1.36e-10
0.00166 1.36e-10
0.001661 1.36e-10
0.001662 1.36e-10
0.001663 1.36e-10
0.001664 1.36e-10
0.001665 1.36e-10
0.001666 1.36e-10
0.001667 1.36e-10
0.001668 1.36e-10
0.001669 1.36e-10
0.00167 1.36e-10
0.001671 1.36e-10
0.001672 1.36e-10
0.001673 1.36e-10
0.001674 1.36e-10
0.001675 1.36e-10
0.001676 1.36e-10
0.001677 1.36e-10
0.001678 1.36e-10
0.001679 1.36e-10
0.00168 1.02e-10
0.001681 1.02e-10
0.001682 1.36e-10
0.001683 1.36e-10
0.001684 1.02e-10
0.001685 1.02e-10
0.001686 1.02e-10
0.001687 1.02e-10
0.001688 6.8e-11
0.001689 6.8e-11
0.00169 6.8e-11
0.001691 6.8e-11
0.001692 6.8e-11
0.001693 6.8e-11
0.001694 6.8e-11
0.001695 6.8e-11
0.001696 6.8e-11
0.001697 6.8e-11
0.001698 6.8e-11
0.001699 6.8e-11
0.0017 6.8e-11
0.001701 6.8e-11
0.001702 6.8e-11
0.001703 6.8e-11
0.001704 3.4e-11
0.001705 3.4e-11
0.001706 3.4e-11
0.001707 6.8e-11
0.001708 6.8e-11
0.001709 6.8e-11
0.00171 6.8e-11
0.001711 6.8e-11
0.001712 6.8e-11
0.001713 6.8e-11
0.001714 6.8e-11
0.001715 6.8e-11
0.001716 6.8e-11
0.001717 6.8e-11
0.001718 6.8e-11
0.001719 6.8e-11
0.00172 6.8e-11
0.001721 6.8e-11
0.001722 6.8e-11
0.001723 6.8e-11
0.001724 6.8e-11
0.001725 6.8e-11
0.001726 6.8e-11
0.001727 6.8e-11
0.001728 6.8e-11
0.001729 6.8e-11
0.00173 6.8e-11
0.001731 6.8e-11
0.001732 6.8e-11
0.001733 1.02e-10
0.001734 1.36e-10
0.001735 1.36e-10
0.001736 1.36e-10
0.001737 1.36e-10
0.001738 1.02e-10
0.001739 1.02e-10
0.00174 1.02e-10
0.001741 1.02e-10
0.001742 1.02e-10
0.001743 1.02e-10
0.001744 1.02e-10
0.001745 1.02e-10
0.001746 1.02e-10
0.001747 6.8e-11
0.001748 6.8e-11
0.001749 6.8e-11
0.00175 1.02e-10
0.001751 1.02e-10
0.001752 1.02e-10
0.001753 1.02e-10
0.001754 1.02e-10
0.001755 1.02e-10
0.001756 1.02e-10
0.001757 1.02e-10
0.001758 1.02e-10
0.001759 1.02e-10
0.00176 1.02e-10
0.001761 1.02e-10
0.001762 1.02e-10
0.001763 1.02e-10
0.001764 1.36e-10
0.001765 1.36e-10
0.001766 1.36e-10
0.001767 1.36e-10
0.001768 1.36e-10
0.001769 1.36e-10
0.00177 1.36e-10
0.001771 1.36e-10
0.001772 1.36e-10
0.001773 1.36e-10
0.001774 1.36e-10
0.001775 1.36e-10
0.001776 1.36e-10
0.001777 1.36e-10
0.001778 1.36e-10
0.001779 1.36e-10
0.00178 1.36e-10
0.001781 1.36e-10
0.001782 1.36e-10
0.001783 1.36e-10
0.001784 1.36e-10
0.001785 1.36e-10
0.001786 1.36e-10
0.001787 1.36e-10
0.001788 1.36e-10
0.001789 1.36e-10
0.00179 1.36e-10
0.001791 1.36e-10
0.001792 1.36e-10
0.001793 1.36e-10
0.001794 1.36e-10
0.001795 1.36e-10
0.001796 1.36e-10
0.001797 1.36e-10
0.001798 2.04e-10
0.001799 2.04e-10
0.0018 2.04e-10
0.001801 2.04e-10
0.001802 2.04e-10
0.001803 2.04e-10
0.001804 2.04e-10
0.001805 2.04e-10
0.001806 2.04e-10
0.001807 2.04e-10
0.001808 2.04e-10
0.001809 2.04e-10
0.00181 2.04e-10
0.001811 2.04e-10
0.001812 2.04e-10
0.001813 2.04e-10
0.001814 2.04e-10
0.001815 2.04e-10
0.001816 2.04e-10
0.001817 2.04e-10
0.001818 2.04e-10
0.001819 2.04e-10
0.00182 2.04e-10
0.001821 2.04e-10
0.001822 2.04e-10
0.001823 2.04e-10
0.001824 2.04e-10
0.001825 2.04e-10
0.001826 2.04e-10
0.001827 2.04e-10
0.001828 2.04e-10
0.001829 2.04e-10
0.00183 2.04e-10
0.001831 2.04e-10
0.001832 2.04e-10
0.001833 2.04e-10
0.001834 2.04e-10
0.001835 2.04e-10
0.001836 2.04e-10
0.001837 2.04e-10
0.001838 2.04e-10
0.001839 2.04e-10
0.00184 2.04e-10
0.001841 2.38e-10
0.001842 2.38e-10
0.001843 2.38e-10
0.001844 2.38e-10
0.001845 2.38e-10
0.001846 2.38e-10
0.001847 2.38e-10
0.001848 2.38e-10
0.001849 2.38e-10
0.00185 2.38e-10
0.001851 2.38e-10
0.001852 2.38e-10
0.001853 2.38e-10
0.001854 2.38e-10
0.001855 2.38e-10
0.001856 2.04e-10
0.001857 2.04e-10
0.001858 1.36e-10
0.001859 1.36e-10
0.00186 1.36e-10
0.001861 1.36e-10
0.001862 1.36e-10
0.001863 1.36e-10
0.001864 1.36e-10
0.001865 1.36e-10
0.001866 1.36e-10
0.001867 1.36e-10
0.001868 1.36e-10
0.001869 1.36e-10
0.00187 1.02e-10
0.001871 1.02e-10
0.001872 1.02e-10
0.001873 1.02e-10
0.001874 1.36e-10
0.001875 1.36e-10
0.001876 1.36e-10
0.001877 1.36e-10
0.001878 1.36e-10
0.001879 1.36e-10
0.00188 1.36e-10
0.001881 1.02e-10
0.001882 1.02e-10
0.001883 1.02e-10
0.001884 1.02e-10
0.001885 1.02e-10
0.001886 1.02e-10
0.001887 1.02e-10
0.001888 1.02e-10
0.001889 1.02e-10
0.00189 1.02e-10
0.001891 1.02e-10
0.001892 1.02e-10
0.001893 6.8e-11
0.001894 1.02e-10
0.001895 1.02e-10
0.001896 1.02e-10
0.001897 1.02e-10
0.001898 1.02e-10
0.001899 1.02e-10
0.0019 1.36e-10
0.001901 1.36e-10
0.001902 1.36e-10
0.001903 1.02e-10
0.001904 1.02e-10
0.001905 1.02e-10
0.001906 1.02e-10
0.001907 1.02e-10
0.001908 1.02e-10
0.001909 1.02e-10
0.00191 1.02e-10
0.001911 1.02e-10
0.001912 1.36e-10
0.001913 1.36e-10
0.001914 1.36e-10
0.001915 1.36e-10
0.001916 1.36e-10
0.001917 1.36e-10
0.001918 1.36e-10
0.001919 1.36e-10
0.00192 1.02e-10
0.001921 1.36e-10
0.001922 1.36e-10
0.001923 1.36e-10
0.001924 1.36e-10
0.001925 1.36e-10
0.001926 1.36e-10
0.001927 1.36e-10
0.001928 1.36e-10
0.001929 1.36e-10
0.00193 1.36e-10
0.001931 1.36e-10
0.001932 1.02e-10
0.001933 1.02e-10
0.001934 1.02e-10
0.001935 6.8e-11
0.001936 6.8e-11
0.001937 6.8e-11
0.001938 6.8e-11
0.001939 6.8e-11
0.00194 6.8e-11
0.001941 6.8e-11
0.001942 6.8e-11
0.001943 6.8e-11
0.001944 6.8e-11
0.001945 6.8e-11
0.001946 6.8e-11
0.001947 6.8e-11
0.001948 6.8e-11
0.001949 6.8e-11
0.00195 6.8e-11
0.001951 6.8e-11
0.001952 6.8e-11
0.001953 6.8e-11
0.001954 6.8e-11
0.001955 6.8e-11
0.001956 6.8e-11
0.001957 6.8e-11
0.001958 6.8e-11
0.001959 6.8e-11
0.00196 6.8e-11
0.001961 6.8e-11
0.001962 6.8e-11
0.001963 6.8e-11
0.001964 6.8e-11
0.001965 6.8e-11
0.001966 6.8e-11
0.001967 6.8e-11
0.001968 6.8e-11
0.001969 6.8e-11
0.00197 6.8e-11
0.001971 6.8e-11
0.001972 6.8e-11
0.001973 6.8e-11
0.001974 6.8e-11
0.001975 6.8e-11
0.001976 6.8e-11
0.001977 6.8e-11
0.001978 6.8e-11
0.001979 6.8e-11
0.00198 6.8e-11
0.001981 6.8e-11
0.001982 6.8e-11
0.001983 6.8e-11
0.001984 6.8e-11
0.001985 6.8e-11
0.001986 6.8e-11
0.001987 6.8e-11
0.001988 6.8e-11
0.001989 6.8e-11
0.00199 6.8e-11
0.001991 6.8e-11
0.001992 6.8e-11
0.001993 6.8e-11
0.001994 6.8e-11
0.001995 6.8e-11
0.001996 6.8e-11
0.001997 6.8e-11
0.001998 1.02e-10
0.001999 1.02e-10
0.002 1.02e-10
0.002001 1.02e-10
0.002002 1.02e-10
0.002003 1.02e-10
0.002004 1.02e-10
0.002005 1.02e-10
0.002006 1.02e-10
0.002007 1.02e-10
0.002008 1.02e-10
0.002009 1.02e-10
0.00201 1.02e-10
0.002011 1.02e-10
0.002012 1.02e-10
0.002013 1.02e-10
0.002014 1.02e-10
0.002015 1.02e-10
0.002016 1.02e-10
0.002017 1.02e-10
0.002018 1.02e-10
0.002019 1.02e-10
0.00202 1.02e-10
0.002021 1.02e-10
0.002022 1.02e-10
0.002023 1.02e-10
0.002024 1.02e-10
0.002025 1.02e-10
0.002026 1.02e-10
0.002027 1.02e-10
0.002028 1.02e-10
0.002029 1.02e-10
0.00203 1.02e-10
0.002031 1.02e-10
0.002032 1.02e-10
0.002033 1.02e-10
0.002034 1.02e-10
0.002035 1.02e-10
0.002036 1.02e-10
0.002037 1.02e-10
0.002038 1.02e-10
0.002039 1.02e-10
0.00204 1.02e-10
0.002041 1.02e-10
0.002042 1.02e-10
0.002043 1.02e-10
0.002044 1.02e-10
0.002045 1.02e-10
0.002046 1.02e-10
0.002047 1.02e-10
0.002048 1.02e-10
0.002049 1.02e-10
0.00205 1.02e-10
0.002051 1.02e-10
0.002052 1.02e-10
0.002053 1.02e-10
0.002054 1.02e-10
0.002055 1.02e-10
0.002056 1.02e-10
0.002057 1.02e-10
0.002058 1.02e-10
0.002059 1.02e-10
0.00206 1.02e-10
0.002061 1.02e-10
0.002062 1.02e-10
0.002063 1.02e-10
0.002064 1.02e-10
0.002065 1.02e-10
0.002066 1.02e-10
0.002067 6.8e-11
0.002068 6.8e-11
0.002069 6.8e-11
0.00207 6.8e-11
0.002071 6.8e-11
0.002072 6.8e-11
0.002073 6.8e-11
0.002074 6.8e-11
0.002075 6.8e-11
0.002076 6.8e-11
0.002077 6.8e-11
0.002078 6.8e-11
0.002079 6.8e-11
0.00208 6.8e-11
0.002081 6.8e-11
0.002082 6.8e-11
0.002083 6.8e-11
0.002084 6.8e-11
0.002085 6.8e-11
0.002086 6.8e-11
0.002087 6.8e-11
0.002088 6.8e-11
0.002089 6.8e-11
0.00209 6.8e-11
0.002091 6.8e-11
0.002092 6.8e-11
0.002093 6.8e-11
0.002094 6.8e-11
0.002095 6.8e-11
0.002096 6.8e-11
0.002097 6.8e-11
0.002098 6.8e-11
0.002099 6.8e-11
0.0021 6.8e-11
0.002101 6.8e-11
0.002102 6.8e-11
0.002103 6.8e-11
0.002104 3.4e-11
0.002105 3.4e-11
0.002106 3.4e-11
0.002107 3.4e-11
0.002108 3.4e-11
0.002109 3.4e-11
0.00211 3.4e-11
0.002111 3.4e-11
0.002112 3.4e-11
0.002113 3.4e-11
0.002114 3.4e-11
0.002115 3.4e-11
0.002116 3.4e-11
0.002117 0.0
0.002118 0.0
0.002119 0.0
0.00212 0.0
0.002121 0.0
0.002122 0.0
0.002123 0.0
0.002124 0.0
0.002125 0.0
0.002126 0.0
0.002127 0.0
0.002128 0.0
0.002129 0.0
0.00213 0.0
0.002131 0.0
0.002132 0.0
0.002133 0.0
0.002134 0.0
0.002135 0.0
0.002136 0.0
0.002137 3.4e-11
0.002138 3.4e-11
0.002139 3.4e-11
0.00214 3.4e-11
0.002141 3.4e-11
0.002142 3.4e-11
0.002143 3.4e-11
0.002144 3.4e-11
0.002145 3.4e-11
0.002146 3.4e-11
0.002147 3.4e-11
0.002148 3.4e-11
0.002149 3.4e-11
0.00215 3.4e-11
0.002151 3.4e-11
0.002152 3.4e-11
0.002153 3.4e-11
0.002154 3.4e-11
0.002155 3.4e-11
0.002156 3.4e-11
0.002157 3.4e-11
0.002158 3.4e-11
0.002159 3.4e-11
0.00216 3.4e-11
0.002161 3.4e-11
0.002162 3.4e-11
0.002163 3.4e-11
0.002164 3.4e-11
0.002165 3.4e-11
0.002166 3.4e-11
0.002167 3.4e-11
0.002168 3.4e-11
0.002169 3.4e-11
0.00217 3.4e-11
0.002171 3.4e-11
0.002172 3.4e-11
0.002173 3.4e-11
0.002174 3.4e-11
0.002175 3.4e-11
0.002176 3.4e-11
0.002177 3.4e-11
0.002178 3.4e-11
0.002179 3.4e-11
0.00218 3.4e-11
0.002181 3.4e-11
0.002182 3.4e-11
0.002183 3.4e-11
0.002184 3.4e-11
0.002185 3.4e-11
0.002186 3.4e-11
0.002187 3.4e-11
0.002188 3.4e-11
0.002189 3.4e-11
0.00219 3.4e-11
0.002191 3.4e-11
0.002192 3.4e-11
0.002193 3.4e-11
0.002194 3.4e-11
0.002195 3.4e-11
0.002196 3.4e-11
0.002197 3.4e-11
0.002198 3.4e-11
0.002199 3.4e-11
0.0022 3.4e-11
0.002201 3.4e-11
0.002202 3.4e-11
0.002203 3.4e-11
0.002204 3.4e-11
0.002205 3.4e-11
0.002206 3.4e-11
0.002207 3.4e-11
0.002208 3.4e-11
0.002209 3.4e-11
0.00221 3.4e-11
0.002211 3.4e-11
0.002212 3.4e-11
0.002213 3.4e-11
0.002214 3.4e-11
0.002215 3.4e-11
0.002216 3.4e-11
0.002217 3.4e-11
0.002218 3.4e-11
0.002219 3.4e-11
0.00222 3.4e-11
0.002221 3.4e-11
0.002222 3.4e-11
0.002223 3.4e-11
0.002224 3.4e-11
0.002225 3.4e-11
0.002226 3.4e-11
0.002227 3.4e-11
0.002228 3.4e-11
0.002229 3.4e-11
0.00223 3.4e-11
0.002231 3.4e-11
0.002232 3.4e-11
0.002233 3.4e-11
0.002234 3.4e-11
0.002235 3.4e-11
0.002236 3.4e-11
0.002237 3.4e-11
0.002238 3.4e-11
0.002239 3.4e-11
0.00224 3.4e-11
0.002241 3.4e-11
0.002242 3.4e-11
0.002243 3.4e-11
0.002244 3.4e-11
0.002245 3.4e-11
0.002246 3.4e-11
0.002247 3.4e-11
0.002248 3.4e-11
0.002249 3.4e-11
0.00225 3.4e-11
0.002251 3.4e-11
0.002252 3.4e-11
0.002253 3.4e-11
0.002254 3.4e-11
0.002255 3.4e-11
0.002256 3.4e-11
0.002257 3.4e-11
0.002258 3.4e-11
0.002259 3.4e-11
0.00226 3.4e-11
0.002261 3.4e-11
0.002262 3.4e-11
0.002263 3.4e-11
0.002264 3.4e-11
0.002265 3.4e-11
0.002266 3.4e-11
0.002267 3.4e-11
0.002268 3.4e-11
0.002269 3.4e-11
0.00227 3.4e-11
0.002271 3.4e-11
0.002272 3.4e-11
0.002273 3.4e-11
0.002274 3.4e-11
0.002275 3.4e-11
0.002276 3.4e-11
0.002277 3.4e-11
0.002278 3.4e-11
0.002279 3.4e-11
0.00228 3.4e-11
0.002281 3.4e-11
0.002282 3.4e-11
0.002283 3.4e-11
0.002284 3.4e-11
0.002285 3.4e-11
0.002286 3.4e-11
0.002287 3.4e-11
0.002288 3.4e-11
0.002289 3.4e-11
0.00229 3.4e-11
0.002291 3.4e-11
0.002292 3.4e-11
0.002293 3.4e-11
0.002294 3.4e-11
0.002295 3.4e-11
0.002296 3.4e-11
0.002297 3.4e-11
0.002298 3.4e-11
0.002299 3.4e-11
0.0023 3.4e-11
0.002301 3.4e-11
0.002302 3.4e-11
0.002303 3.4e-11
0.002304 3.4e-11
0.002305 3.4e-11
0.002306 3.4e-11
0.002307 3.4e-11
0.002308 3.4e-11
0.002309 3.4e-11
0.00231 0.0
0.002311 0.0
0.002312 0.0
0.002313 0.0
0.002314 0.0
0.002315 0.0
0.002316 0.0
0.002317 0.0
0.002318 0.0
0.002319 0.0
0.00232 0.0
0.002321 0.0
0.002322 0.0
0.002323 0.0
0.002324 0.0
0.002325 0.0
0.002326 0.0
0.002327 0.0
0.002328 0.0
0.002329 0.0
0.00233 0.0
0.002331 0.0
0.002332 0.0
0.002333 0.0
0.002334 0.0
0.002335 0.0
0.002336 0.0
0.002337 0.0
0.002338 0.0
0.002339 0.0
0.00234 0.0
0.002341 0.0
0.002342 0.0
0.002343 0.0
0.002344 0.0
0.002345 0.0
0.002346 0.0
0.002347 0.0
0.002348 0.0
0.002349 0.0
0.00235 0.0
0.002351 0.0
0.002352 3.4e-11
0.002353 3.4e-11
0.002354 3.4e-11
0.002355 3.4e-11
0.002356 3.4e-11
0.002357 3.4e-11
0.002358 3.4e-11
0.002359 3.4e-11
0.00236 3.4e-11
0.002361 3.4e-11
0.002362 3.4e-11
0.002363 3.4e-11
0.002364 3.4e-11
0.002365 3.4e-11
0.002366 3.4e-11
0.002367 3.4e-11
0.002368 3.4e-11
0.002369 3.4e-11
0.00237 3.4e-11
0.002371 3.4e-11
0.002372 3.4e-11
0.002373 3.4e-11
0.002374 3.4e-11
0.002375 3.4e-11
0.002376 3.4e-11
0.002377 3.4e-11
0.002378 3.4e-11
0.002379 3.4e-11
0.00238 3.4e-11
0.002381 3.4e-11
0.002382 3.4e-11
0.002383 3.4e-11
0.002384 3.4e-11
0.002385 3.4e-11
0.002386 3.4e-11
0.002387 3.4e-11
0.002388 3.4e-11
0.002389 3.4e-11
0.00239 3.4e-11
0.002391 3.4e-11
0.002392 3.4e-11
0.002393 3.4e-11
0.002394 3.4e-11
0.002395 3.4e-11
0.002396 3.4e-11
0.002397 3.4e-11
0.002398 3.4e-11
0.002399 3.4e-11
0.0024 3.4e-11
0.002401 3.4e-11
0.002402 3.4e-11
0.002403 3.4e-11
0.002404 3.4e-11
0.002405 3.4e-11
0.002406 3.4e-11
0.002407 3.4e-11
0.002408 3.4e-11
0.002409 3.4e-11
0.00241 3.4e-11
0.002411 3.4e-11
0.002412 3.4e-11
0.002413 3.4e-11
0.002414 3.4e-11
0.002415 3.4e-11
0.002416 3.4e-11
0.002417 3.4e-11
0.002418 3.4e-11
0.002419 3.4e-11
0.00242 3.4e-11
0.002421 3.4e-11
0.002422 3.4e-11
0.002423 3.4e-11
0.002424 3.4e-11
0.002425 3.4e-11
0.002426 3.4e-11
0.002427 3.4e-11
0.002428 3.4e-11
0.002429 3.4e-11
0.00243 3.4e-11
0.002431 3.4e-11
0.002432 3.4e-11
0.002433 3.4e-11
0.002434 3.4e-11
0.002435 3.4e-11
0.002436 3.4e-11
0.002437 0.0
0.002438 0.0
0.002439 0.0
0.00244 0.0
0.002441 0.0
0.002442 0.0
0.002443 0.0
0.002444 0.0
0.002445 0.0
0.002446 0.0
0.002447 0.0
0.002448 0.0
0.002449 0.0
0.00245 0.0
0.002451 0.0
0.002452 0.0
0.002453 0.0
0.002454 0.0
0.002455 0.0
0.002456 0.0
0.002457 0.0
0.002458 0.0
0.002459 0.0
0.00246 0.0
0.002461 0.0
0.002462 0.0
0.002463 0.0
0.002464 0.0
0.002465 0.0
0.002466 0.0
0.002467 0.0
0.002468 0.0
0.002469 0.0
0.00247 0.0
0.002471 0.0
0.002472 0.0
0.002473 0.0
0.002474 0.0
0.002475 0.0
0.002476 0.0
0.002477 0.0
0.002478 0.0
0.002479 0.0
0.00248 0.0
0.002481 0.0
0.002482 0.0
0.002483 0.0
0.002484 0.0
0.002485 0.0
0.002486 0.0
0.002487 0.0
0.002488 0.0
0.002489 0.0
0.00249 0.0
0.002491 0.0
0.002492 0.0
0.002493 3.4e-11
0.002494 3.4e-11
0.002495 3.4e-11
0.002496 3.4e-11
0.002497 3.4e-11
0.002498 3.4e-11
0.002499 3.4e-11
0.0025 3.4e-11
0.002501 3.4e-11
0.002502 3.4e-11
0.002503 3.4e-11
0.002504 3.4e-11
0.002505 3.4e-11
0.002506 3.4e-11
0.002507 3.4e-11
0.002508 3.4e-11
0.002509 3.4e-11
0.00251 3.4e-11
0.002511 3.4e-11
0.002512 3.4e-11
0.002513 0.0
0.002514 0.0
0.002515 0.0
0.002516 0.0
0.002517 0.0
0.002518 0.0
0.002519 0.0
0.00252 0.0
0.002521 0.0
0.002522 0.0
0.002523 0.0
0.002524 0.0
0.002525 0.0
0.002526 0.0
0.002527 0.0
0.002528 0.0
0.002529 0.0
0.00253 0.0
0.002531 0.0
0.002532 0.0
0.002533 0.0
0.002534 0.0
0.002535 0.0
0.002536 0.0
0.002537 0.0
0.002538 0.0
0.002539 0.0
0.00254 0.0
0.002541 0.0
0.002542 0.0
0.002543 0.0
0.002544 0.0
0.002545 0.0
0.002546 0.0
0.002547 0.0
0.002548 0.0
0.002549 0.0
0.00255 0.0
0.002551 0.0
0.002552 0.0
0.002553 0.0
0.002554 0.0
0.002555 0.0
0.002556 0.0
0.002557 0.0
0.002558 0.0
0.002559 0.0
0.00256 0.0
0.002561 0.0
0.002562 0.0
0.002563 0.0
0.002564 0.0
0.002565 0.0
0.002566 0.0
0.002567 0.0
0.002568 0.0
0.002569 0.0
0.00257 0.0
0.002571 0.0
0.002572 0.0
0.002573 0.0
0.002574 0.0
0.002575 0.0
0.002576 0.0
0.002577 0.0
0.002578 0.0
0.002579 0.0
0.00258 0.0
0.002581 0.0
0.002582 0.0
0.002583 0.0
0.002584 0.0
0.002585 0.0
0.002586 0.0
0.002587 0.0
0.002588 0.0
0.002589 0.0
0.00259 0.0
0.002591 0.0
0.002592 0.0
0.002593 0.0
0.002594 0.0
0.002595 0.0
0.002596 0.0
0.002597 0.0
0.002598 0.0
0.002599 0.0
0.0026 0.0
0.002601 0.0
0.002602 0.0
0.002603 0.0
0.002604 0.0
0.002605 0.0
0.002606 0.0
0.002607 0.0
0.002608 0.0
0.002609 0.0
0.00261 0.0
0.002611 0.0
0.002612 0.0
0.002613 0.0
0.002614 0.0
0.002615 0.0
0.002616 0.0
0.002617 0.0
0.002618 0.0
0.002619 0.0
0.00262 3.4e-11
0.002621 3.4e-11
0.002622 3.4e-11
0.002623 3.4e-11
0.002624 3.4e-11
0.002625 3.4e-11
0.002626 3.4e-11
0.002627 3.4e-11
0.002628 3.4e-11
0.002629 3.4e-11
0.00263 3.4e-11
0.002631 3.4e-11
0.002632 3.4e-11
0.002633 3.4e-11
0.002634 3.4e-11
0.002635 3.4e-11
0.002636 3.4e-11
0.002637 3.4e-11
0.002638 3.4e-11
0.002639 3.4e-11
0.00264 3.4e-11
0.002641 3.4e-11
0.002642 3.4e-11
0.002643 3.4e-11
0.002644 3.4e-11
0.002645 3.4e-11
0.002646 3.4e-11
0.002647 3.4e-11
0.002648 3.4e-11
0.002649 3.4e-11
0.00265 3.4e-11
0.002651 3.4e-11
0.002652 3.4e-11
0.002653 3.4e-11
0.002654 3.4e-11
0.002655 3.4e-11
0.002656 3.4e-11
0.002657 3.4e-11
0.002658 3.4e-11
0.002659 3.4e-11
0.00266 3.4e-11
0.002661 3.4e-11
0.002662 3.4e-11
0.002663 3.4e-11
0.002664 3.4e-11
0.002665 3.4e-11
0.002666 3.4e-11
0.002667 3.4e-11
0.002668 3.4e-11
0.002669 3.4e-11
0.00267 3.4e-11
0.002671 3.4e-11
0.002672 3.4e-11
0.002673 3.4e-11
0.002674 3.4e-11
0.002675 3.4e-11
0.002676 3.4e-11
0.002677 3.4e-11
0.002678 3.4e-11
0.002679 3.4e-11
0.00268 3.4e-11
0.002681 3.4e-11
0.002682 3.4e-11
0.002683 3.4e-11
0.002684 3.4e-11
0.002685 3.4e-11
0.002686 3.4e-11
0.002687 3.4e-11
0.002688 3.4e-11
0.002689 3.4e-11
0.00269 3.4e-11
0.002691 3.4e-11
0.002692 3.4e-11
0.002693 3.4e-11
0.002694 3.4e-11
0.002695 3.4e-11
0.002696 3.4e-11
0.002697 3.4e-11
0.002698 3.4e-11
0.002699 3.4e-11
0.0027 3.4e-11
0.002701 3.4e-11
0.002702 3.4e-11
0.002703 3.4e-11
0.002704 3.4e-11
0.002705 3.4e-11
0.002706 3.4e-11
0.002707 3.4e-11
0.002708 3.4e-11
0.002709 3.4e-11
0.00271 3.4e-11
0.002711 3.4e-11
0.002712 3.4e-11
0.002713 3.4e-11
0.002714 3.4e-11
0.002715 3.4e-11
0.002716 3.4e-11
0.002717 3.4e-11
0.002718 3.4e-11
0.002719 3.4e-11
0.00272 3.4e-11
0.002721 3.4e-11
0.002722 3.4e-11
0.002723 3.4e-11
0.002724 3.4e-11
0.002725 3.4e-11
0.002726 3.4e-11
0.002727 3.4e-11
0.002728 3.4e-11
0.002729 3.4e-11
0.00273 3.4e-11
0.002731 3.4e-11
0.002732 3.4e-11
0.002733 3.4e-11
0.002734 3.4e-11
0.002735 3.4e-11
0.002736 3.4e-11
0.002737 3.4e-11
0.002738 3.4e-11
0.002739 3.4e-11
0.00274 3.4e-11
0.002741 3.4e-11
0.002742 3.4e-11
0.002743 3.4e-11
0.002744 3.4e-11
0.002745 3.4e-11
0.002746 3.4e-11
0.002747 3.4e-11
0.002748 3.4e-11
0.002749 3.4e-11
0.00275 3.4e-11
0.002751 3.4e-11
0.002752 3.4e-11
0.002753 3.4e-11
0.002754 3.4e-11
0.002755 3.4e-11
0.002756 3.4e-11
0.002757 3.4e-11
0.002758 3.4e-11
0.002759 3.4e-11
0.00276 3.4e-11
0.002761 3.4e-11
0.002762 3.4e-11
0.002763 3.4e-11
0.002764 3.4e-11
0.002765 3.4e-11
0.002766 3.4e-11
0.002767 3.4e-11
0.002768 3.4e-11
0.002769 3.4e-11
0.00277 3.4e-11
0.002771 3.4e-11
0.002772 3.4e-11
0.002773 3.4e-11
0.002774 3.4e-11
0.002775 3.4e-11
0.002776 3.4e-11
0.002777 3.4e-11
0.002778 3.4e-11
0.002779 3.4e-11
0.00278 3.4e-11
0.002781 3.4e-11
0.002782 3.4e-11
0.002783 3.4e-11
0.002784 3.4e-11
0.002785 3.4e-11
0.002786 3.4e-11
0.002787 3.4e-11
0.002788 3.4e-11
0.002789 3.4e-11
0.00279 3.4e-11
0.002791 3.4e-11
0.002792 3.4e-11
0.002793 3.4e-11
0.002794 3.4e-11
0.002795 3.4e-11
0.002796 3.4e-11
0.002797 3.4e-11
0.002798 3.4e-11
0.002799 3.4e-11
0.0028 3.4e-11
0.002801 3.4e-11
0.002802 3.4e-11
0.002803 3.4e-11
0.002804 3.4e-11
0.002805 3.4e-11
0.002806 3.4e-11
0.002807 3.4e-11
0.002808 3.4e-11
0.002809 3.4e-11
0.00281 3.4e-11
0.002811 3.4e-11
0.002812 3.4e-11
0.002813 3.4e-11
0.002814 3.4e-11
0.002815 3.4e-11
0.002816 3.4e-11
0.002817 3.4e-11
0.002818 3.4e-11
0.002819 3.4e-11
0.00282 3.4e-11
0.002821 3.4e-11
0.002822 3.4e-11
0.002823 3.4e-11
0.002824 3.4e-11
0.002825 3.4e-11
0.002826 3.4e-11
0.002827 3.4e-11
0.002828 3.4e-11
0.002829 3.4e-11
0.00283 3.4e-11
0.002831 3.4e-11
0.002832 3.4e-11
0.002833 3.4e-11
0.002834 3.4e-11
0.002835 3.4e-11
0.002836 3.4e-11
0.002837 3.4e-11
0.002838 3.4e-11
0.002839 3.4e-11
0.00284 3.4e-11
0.002841 3.4e-11
0.002842 3.4e-11
0.002843 3.4e-11
0.002844 3.4e-11
0.002845 3.4e-11
0.002846 3.4e-11
0.002847 3.4e-11
0.002848 3.4e-11
0.002849 3.4e-11
0.00285 0.0
0.002851 0.0
0.002852 0.0
0.002853 0.0
0.002854 0.0
0.002855 0.0
0.002856 0.0
0.002857 0.0
0.002858 0.0
0.002859 0.0
0.00286 0.0
0.002861 0.0
0.002862 0.0
0.002863 0.0
0.002864 0.0
0.002865 0.0
0.002866 0.0
0.002867 0.0
0.002868 0.0
0.002869 0.0
0.00287 0.0
0.002871 0.0
0.002872 0.0
0.002873 0.0
0.002874 0.0
0.002875 0.0
0.002876 0.0
0.002877 0.0
0.002878 0.0
0.002879 0.0
0.00288 0.0
0.002881 0.0
0.002882 0.0
0.002883 0.0
0.002884 0.0
0.002885 0.0
0.002886 0.0
0.002887 0.0
0.002888 0.0
0.002889 0.0
0.00289 0.0
0.002891 0.0
0.002892 0.0
0.002893 0.0
0.002894 0.0
0.002895 0.0
0.002896 0.0
0.002897 0.0
0.002898 0.0
0.002899 0.0
0.0029 0.0
0.002901 0.0
0.002902 0.0
0.002903 0.0
0.002904 0.0
0.002905 0.0
0.002906 0.0
0.002907 0.0
0.002908 0.0
0.002909 0.0
0.00291 0.0
0.002911 0.0
0.002912 0.0
0.002913 0.0
0.002914 0.0
0.002915 0.0
0.002916 0.0
0.002917 0.0
0.002918 0.0
0.002919 0.0
0.00292 0.0
0.002921 0.0
0.002922 0.0
0.002923 0.0
0.002924 0.0
0.002925 0.0
0.002926 0.0
0.002927 0.0
0.002928 0.0
0.002929 0.0
0.00293 0.0
0.002931 0.0
0.002932 0.0
0.002933 0.0
0.002934 0.0
0.002935 0.0
0.002936 0.0
0.002937 0.0
0.002938 0.0
0.002939 0.0
0.00294 0.0
0.002941 0.0
0.002942 0.0
0.002943 0.0
0.002944 0.0
0.002945 0.0
0.002946 0.0
0.002947 0.0
0.002948 0.0
0.002949 0.0
0.00295 0.0
0.002951 0.0
0.002952 0.0
0.002953 0.0
0.002954 0.0
0.002955 0.0
0.002956 0.0
0.002957 0.0
0.002958 0.0
0.002959 0.0
0.00296 0.0
0.002961 0.0
0.002962 0.0
0.002963 0.0
0.002964 0.0
0.002965 0.0
0.002966 0.0
0.002967 0.0
0.002968 0.0
0.002969 0.0
0.00297 0.0
0.002971 0.0
0.002972 0.0
0.002973 0.0
0.002974 0.0
0.002975 0.0
0.002976 0.0
0.002977 0.0
0.002978 0.0
0.002979 0.0
0.00298 0.0
0.002981 0.0
0.002982 0.0
0.002983 0.0
0.002984 0.0
0.002985 0.0
0.002986 0.0
0.002987 0.0
0.002988 0.0
0.002989 0.0
0.00299 0.0
0.002991 0.0
0.002992 0.0
0.002993 0.0
0.002994 0.0
0.002995 0.0
0.002996 0.0
0.002997 0.0
0.002998 0.0
0.002999 0.0
0.003 0.0
