0 400
1e-06 400
2e-06 400
3e-06 400
4e-06 400
5e-06 400
5.999999999994e-06 400
6.999999999994e-06 400
7.999999999994e-06 400
8.999999999994e-06 400
9.999999999994e-06 400
1.0999999999989e-05 400
1.1999999999989e-05 400
1.2999999999989e-05 400
1.3999999999989e-05 400
1.4999999999989e-05 400
1.5999999999984e-05 400
1.6999999999984e-05 400
1.7999999999984e-05 400
1.8999999999984e-05 400
1.9999999999984e-05 400
2.0999999999979e-05 400
2.1999999999979e-05 400
2.2999999999979e-05 400
2.3999999999979e-05 400
2.4999999999979e-05 400
2.5999999999974e-05 400
2.6999999999974e-05 400
2.7999999999974e-05 400
2.8999999999974e-05 400
2.9999999999974e-05 400
3.0999999999969e-05 400
3.1999999999969e-05 400
3.2999999999969e-05 400
3.3999999999969e-05 400
3.4999999999969e-05 400
3.5999999999964e-05 400
3.6999999999964e-05 400
3.7999999999964e-05 400
3.8999999999964e-05 400
3.9999999999964e-05 400
4.0999999999959e-05 400
4.1999999999959e-05 400
4.2999999999959e-05 400
4.3999999999959e-05 400
4.4999999999959e-05 400
4.5999999999954e-05 400
4.6999999999954e-05 400
4.7999999999954e-05 400
4.8999999999954e-05 400
4.9999999999954e-05 400
5.0999999999949e-05 400
5.1999999999949e-05 400
5.2999999999949e-05 400
5.3999999999949e-05 400
5.4999999999949e-05 400
5.5999999999944e-05 400
5.6999999999944e-05 400
5.7999999999944e-05 400
5.8999999999944e-05 400
5.9999999999944e-05 400
6.0999999999939e-05 400
6.1999999999939e-05 400
6.2999999999939e-05 400
6.3999999999939e-05 400
6.4999999999939e-05 400
6.5999999999934e-05 400
6.6999999999934e-05 400
6.7999999999934e-05 400
6.8999999999934e-05 400
6.9999999999934e-05 400
7.0999999999929e-05 400
7.1999999999929e-05 400
7.2999999999929e-05 400
7.3999999999929e-05 400
7.4999999999929e-05 400
7.5999999999924e-05 400
7.6999999999924e-05 400
7.7999999999924e-05 400
7.8999999999924e-05 400
7.9999999999924e-05 400
8.0999999999919e-05 400
8.1999999999919e-05 400
8.2999999999919e-05 400
8.3999999999919e-05 400
8.4999999999919e-05 400
8.5999999999914e-05 400
8.6999999999914e-05 400
8.7999999999914e-05 400
8.8999999999914e-05 400
8.9999999999914e-05 400
9.0999999999909e-05 400
9.1999999999909e-05 400
9.2999999999909e-05 400
9.3999999999909e-05 400
9.4999999999909e-05 400
9.5999999999904e-05 400
9.6999999999904e-05 400
9.7999999999904e-05 400
9.8999999999904e-05 400
9.9999999999904e-05 400
0.000100999999999899 400
0.000101999999999899 400
0.000102999999999899 400
0.000103999999999899 400
0.000104999999999899 400
0.000105999999999894 400
0.000106999999999894 400
0.000107999999999894 400
0.000108999999999894 400
0.000109999999999894 400
0.000110999999999889 400
0.000111999999999889 400
0.000112999999999889 400
0.000113999999999889 400
0.000114999999999889 400
0.000115999999999884 400
0.000116999999999884 400
0.000117999999999884 400
0.000118999999999884 400
0.000119999999999884 400
0.000120999999999879 400
0.000121999999999879 400
0.000122999999999879 400
0.000123999999999879 400
0.000124999999999879 400
0.000125999999999874 400
0.000126999999999874 400
0.000127999999999874 400
0.000128999999999874 400
0.000129999999999874 400
0.000130999999999869 400
0.000131999999999869 400
0.000132999999999869 400
0.000133999999999869 400
0.000134999999999869 400
0.000135999999999864 400
0.000136999999999864 400
0.000137999999999864 400
0.000138999999999864 400
0.000139999999999864 400
0.000140999999999859 400
0.000141999999999859 400
0.000142999999999859 400
0.000143999999999859 400
0.000144999999999859 400
0.000145999999999854 400
0.000146999999999854 400
0.000147999999999854 400
0.000148999999999854 399
0.000149999999999854 399
0.000150999999999849 399
0.000151999999999849 399
0.000152999999999849 399
0.000153999999999849 399
0.000154999999999849 399
0.000155999999999844 399
0.000156999999999844 399
0.000157999999999844 399
0.000158999999999844 399
0.000159999999999844 399
0.000160999999999839 399
0.000161999999999839 399
0.000162999999999839 399
0.000163999999999839 399
0.000164999999999839 399
0.000165999999999834 399
0.000166999999999834 399
0.000167999999999834 399
0.000168999999999834 399
0.000169999999999834 399
0.000170999999999829 399
0.000171999999999829 399
0.000172999999999829 399
0.000173999999999829 399
0.000174999999999829 399
0.000175999999999824 399
0.000176999999999824 399
0.000177999999999824 399
0.000178999999999824 399
0.000179999999999824 399
0.000180999999999819 399
0.000181999999999819 399
0.000182999999999819 399
0.000183999999999819 399
0.000184999999999819 399
0.000185999999999814 399
0.000186999999999814 399
0.000187999999999814 399
0.000188999999999814 399
0.000189999999999814 399
0.000190999999999809 399
0.000191999999999809 399
0.000192999999999809 399
0.000193999999999809 399
0.000194999999999809 399
0.000195999999999804 399
0.000196999999999804 399
0.000197999999999804 399
0.000198999999999804 399
0.000199999999999804 399
0.000200999999999799 399
0.000201999999999799 399
0.000202999999999799 399
0.000203999999999799 399
0.000204999999999799 399
0.000205999999999794 399
0.000206999999999794 399
0.000207999999999794 399
0.000208999999999794 399
0.000209999999999794 399
0.000210999999999789 399
0.000211999999999789 399
0.000212999999999789 398
0.000213999999999789 398
0.000214999999999789 398
0.000215999999999784 398
0.000216999999999784 398
0.000217999999999784 398
0.000218999999999784 398
0.000219999999999784 398
0.000220999999999779 398
0.000221999999999779 398
0.000222999999999779 398
0.000223999999999779 398
0.000224999999999779 398
0.000225999999999774 398
0.000226999999999774 398
0.000227999999999774 398
0.000228999999999774 398
0.000229999999999774 398
0.000230999999999769 398
0.000231999999999769 398
0.000232999999999769 398
0.000233999999999769 398
0.000234999999999769 398
0.000235999999999764 398
0.000236999999999764 398
0.000237999999999764 398
0.000238999999999764 398
0.000239999999999764 398
0.000240999999999759 398
0.000241999999999759 398
0.000242999999999759 398
0.000243999999999759 398
0.000244999999999759 398
0.000245999999999754 398
0.000246999999999754 398
0.000247999999999754 398
0.000248999999999754 398
0.000249999999999754 398
0.000250999999999749 398
0.000251999999999749 398
0.000252999999999749 398
0.000253999999999749 398
0.000254999999999749 398
0.000255999999999744 398
0.000256999999999744 398
0.000257999999999744 398
0.000258999999999744 397
0.000259999999999744 397
0.000260999999999739 397
0.000261999999999739 397
0.000262999999999739 397
0.000263999999999739 397
0.000264999999999739 397
0.000265999999999734 397
0.000266999999999734 397
0.000267999999999734 397
0.000268999999999734 397
0.000269999999999734 397
0.000270999999999729 397
0.000271999999999729 397
0.000272999999999729 397
0.000273999999999729 397
0.000274999999999729 397
0.000275999999999724 397
0.000276999999999724 397
0.000277999999999724 397
0.000278999999999724 397
0.000279999999999724 397
0.000280999999999719 397
0.000281999999999719 397
0.000282999999999719 397
0.000283999999999719 397
0.000284999999999719 397
0.000285999999999714 397
0.000286999999999714 397
0.000287999999999714 397
0.000288999999999714 397
0.000289999999999714 397
0.000290999999999709 397
0.000291999999999709 397
0.000292999999999709 397
0.000293999999999709 397
0.000294999999999709 397
0.000295999999999704 397
0.000296999999999704 397
0.000297999999999704 397
0.000298999999999704 397
0.000299999999999704 397
0.000300999999999704 397
0.000301999999999704 397
0.000302999999999704 397
0.000303999999999704 397
0.000304999999999704 397
0.000305999999999704 397
0.000306999999999704 397
0.000307999999999704 397
0.000308999999999704 397
0.000309999999999704 397
0.000310999999999704 397
0.000311999999999704 397
0.000312999999999704 397
0.000313999999999704 397
0.000314999999999704 397
0.000315999999999704 397
0.000316999999999704 397
0.000317999999999704 397
0.000318999999999704 397
0.000319999999999704 397
0.000320999999999704 397
0.000321999999999704 397
0.000322999999999704 397
0.000323999999999704 397
0.000324999999999704 397
0.000325999999999704 397
0.000326999999999704 397
0.000327999999999704 397
0.000328999999999704 397
0.000329999999999704 397
0.000330999999999704 397
0.000331999999999704 397
0.000332999999999704 397
0.000333999999999704 397
0.000334999999999704 397
0.000335999999999704 397
0.000336999999999704 397
0.000337999999999704 397
0.000338999999999704 397
0.000339999999999704 397
0.000340999999999704 397
0.000341999999999704 397
0.000342999999999704 397
0.000343999999999704 397
0.000344999999999704 397
0.000345999999999704 397
0.000346999999999704 397
0.000347999999999704 397
0.000348999999999704 397
0.000349999999999704 397
0.000350999999999704 397
0.000351999999999704 397
0.000352999999999704 397
0.000353999999999704 397
0.000354999999999704 397
0.000355999999999704 397
0.000356999999999704 397
0.000357999999999704 397
0.000358999999999704 397
0.000359999999999704 397
0.000360999999999704 397
0.000361999999999704 397
0.000362999999999704 397
0.000363999999999704 397
0.000364999999999704 397
0.000365999999999704 397
0.000366999999999704 397
0.000367999999999704 397
0.000368999999999704 397
0.000369999999999704 397
0.000370999999999704 397
0.000371999999999704 397
0.000372999999999704 397
0.000373999999999704 397
0.000374999999999704 397
0.000375999999999704 396
0.000376999999999704 396
0.000377999999999704 396
0.000378999999999704 396
0.000379999999999704 396
0.000380999999999704 396
0.000381999999999704 396
0.000382999999999704 396
0.000383999999999704 396
0.000384999999999704 396
0.000385999999999704 396
0.000386999999999704 396
0.000387999999999704 396
0.000388999999999704 396
0.000389999999999704 396
0.000390999999999704 396
0.000391999999999704 396
0.000392999999999704 395
0.000393999999999704 395
0.000394999999999704 395
0.000395999999999704 395
0.000396999999999704 395
0.000397999999999704 395
0.000398999999999704 395
0.000399999999999704 395
0.000400999999999704 395
0.000401999999999704 395
0.000402999999999704 395
0.000403999999999704 395
0.000404999999999704 395
0.000405999999999704 395
0.000406999999999704 395
0.000407999999999704 395
0.000408999999999704 395
0.000409999999999704 395
0.000410999999999704 395
0.000411999999999704 395
0.000412999999999704 395
0.000413999999999704 395
0.000414999999999704 395
0.000415999999999704 395
0.000416999999999704 395
0.000417999999999704 395
0.000418999999999704 395
0.000419999999999704 395
0.000420999999999704 395
0.000421999999999704 395
0.000422999999999704 395
0.000423999999999704 395
0.000424999999999704 395
0.000425999999999704 395
0.000426999999999704 395
0.000427999999999704 395
0.000428999999999704 395
0.000429999999999704 395
0.000430999999999704 395
0.000431999999999704 395
0.000432999999999704 395
0.000433999999999704 395
0.000434999999999704 395
0.000435999999999704 395
0.000436999999999704 396
0.000437999999999704 395
0.000438999999999704 395
0.000439999999999704 395
0.000440999999999704 395
0.000441999999999704 395
0.000442999999999704 395
0.000443999999999704 395
0.000444999999999704 395
0.000445999999999704 395
0.000446999999999704 395
0.000447999999999704 395
0.000448999999999704 395
0.000449999999999704 395
0.000450999999999704 395
0.000451999999999704 395
0.000452999999999704 396
0.000453999999999704 396
0.000454999999999704 395
0.000455999999999704 395
0.000456999999999704 395
0.000457999999999704 395
0.000458999999999704 395
0.000459999999999704 395
0.000460999999999704 396
0.000461999999999704 395
0.000462999999999704 395
0.000463999999999704 395
0.000464999999999704 395
0.000465999999999704 395
0.000466999999999704 395
0.000467999999999704 395
0.000468999999999704 395
0.000469999999999704 396
0.000470999999999704 396
0.000471999999999704 396
0.000472999999999704 395
0.000473999999999704 395
0.000474999999999704 395
0.000475999999999704 395
0.000476999999999704 395
0.000477999999999704 395
0.000478999999999704 395
0.000479999999999704 395
0.000480999999999704 395
0.000481999999999704 395
0.000482999999999704 395
0.000483999999999704 395
0.000484999999999704 395
0.000485999999999704 395
0.000486999999999704 395
0.000487999999999704 395
0.000488999999999704 395
0.000489999999999704 395
0.000490999999999704 395
0.000491999999999704 395
0.000492999999999704 395
0.000493999999999704 395
0.000494999999999704 395
0.000495999999999704 395
0.000496999999999704 395
0.000497999999999704 395
0.000498999999999704 395
0.000499999999999704 395
0.000500999999999704 395
0.000501999999999704 395
0.000502999999999704 396
0.000503999999999704 395
0.000504999999999704 395
0.000505999999999704 395
0.000506999999999704 395
0.000507999999999704 395
0.000508999999999704 395
0.000509999999999704 395
0.000510999999999704 395
0.000511999999999704 395
0.000512999999999704 395
0.000513999999999704 395
0.000514999999999704 395
0.000515999999999704 395
0.000516999999999704 394
0.000517999999999704 394
0.000518999999999704 394
0.000519999999999704 394
0.000520999999999704 394
0.000521999999999704 394
0.000522999999999704 394
0.000523999999999704 394
0.000524999999999704 394
0.000525999999999704 394
0.000526999999999704 394
0.000527999999999704 394
0.000528999999999704 393
0.000529999999999704 393
0.000530999999999704 393
0.000531999999999704 393
0.000532999999999704 393
0.000533999999999704 393
0.000534999999999704 393
0.000535999999999704 393
0.000536999999999704 393
0.000537999999999704 393
0.000538999999999704 393
0.000539999999999704 393
0.000540999999999704 392
0.000541999999999704 392
0.000542999999999704 392
0.000543999999999704 392
0.000544999999999704 392
0.000545999999999704 392
0.000546999999999704 392
0.000547999999999704 392
0.000548999999999704 392
0.000549999999999704 392
0.000550999999999704 392
0.000551999999999704 392
0.000552999999999704 392
0.000553999999999704 392
0.000554999999999704 392
0.000555999999999704 392
0.000556999999999704 392
0.000557999999999704 392
0.000558999999999704 392
0.000559999999999704 392
0.000560999999999704 392
0.000561999999999704 392
0.000562999999999704 391
0.000563999999999704 391
0.000564999999999704 391
0.000565999999999704 391
0.000566999999999704 391
0.000567999999999704 391
0.000568999999999704 391
0.000569999999999704 391
0.000570999999999704 391
0.000571999999999704 391
0.000572999999999704 391
0.000573999999999704 391
0.000574999999999704 391
0.000575999999999704 391
0.000576999999999704 391
0.000577999999999704 391
0.000578999999999704 391
0.000579999999999704 391
0.000580999999999704 391
0.000581999999999704 391
0.000582999999999704 391
0.000583999999999704 391
0.000584999999999704 391
0.000585999999999704 391
0.000586999999999704 391
0.000587999999999704 392
0.000588999999999704 392
0.000589999999999704 392
0.000590999999999704 392
0.000591999999999704 392
0.000592999999999704 392
0.000593999999999704 392
0.000594999999999704 392
0.000595999999999704 392
0.000596999999999704 392
0.000597999999999704 392
0.000598999999999704 392
0.000599999999999704 392
0.000600999999999704 392
0.000601999999999704 392
0.000602999999999704 392
0.000603999999999704 392
0.000604999999999704 392
0.000605999999999704 392
0.000606999999999704 392
0.000607999999999704 392
0.000608999999999704 392
0.000609999999999704 392
0.000610999999999704 392
0.000611999999999704 391
0.000612999999999704 391
0.000613999999999704 391
0.000614999999999704 391
0.000615999999999704 391
0.000616999999999704 391
0.000617999999999704 391
0.000618999999999704 391
0.000619999999999704 391
0.000620999999999704 391
0.000621999999999704 391
0.000622999999999704 391
0.000623999999999704 391
0.000624999999999704 391
0.000625999999999704 391
0.000626999999999704 391
0.000627999999999704 391
0.000628999999999704 391
0.000629999999999704 391
0.000630999999999704 391
0.000631999999999704 391
0.000632999999999704 391
0.000633999999999704 391
0.000634999999999704 391
0.000635999999999704 391
0.000636999999999704 391
0.000637999999999704 391
0.000638999999999704 392
0.000639999999999704 391
0.000640999999999704 391
0.000641999999999704 391
0.000642999999999704 391
0.000643999999999704 391
0.000644999999999704 391
0.000645999999999704 391
0.000646999999999704 391
0.000647999999999704 391
0.000648999999999704 391
0.000649999999999704 392
0.000650999999999704 392
0.000651999999999704 392
0.000652999999999704 392
0.000653999999999704 392
0.000654999999999704 392
0.000655999999999704 392
0.000656999999999704 392
0.000657999999999704 392
0.000658999999999704 391
0.000659999999999704 391
0.000660999999999704 391
0.000661999999999704 391
0.000662999999999704 391
0.000663999999999704 391
0.000664999999999704 391
0.000665999999999704 391
0.000666999999999704 391
0.000667999999999704 391
0.000668999999999704 391
0.000669999999999704 392
0.000670999999999704 392
0.000671999999999704 392
0.000672999999999704 392
0.000673999999999704 392
0.000674999999999704 392
0.000675999999999704 392
0.000676999999999704 392
0.000677999999999704 392
0.000678999999999704 392
0.000679999999999704 392
0.000680999999999704 392
0.000681999999999704 392
0.000682999999999704 392
0.000683999999999704 392
0.000684999999999704 391
0.000685999999999704 391
0.000686999999999704 391
0.000687999999999704 391
0.000688999999999704 391
0.000689999999999704 391
0.000690999999999704 391
0.000691999999999704 391
0.000692999999999704 391
0.000693999999999704 391
0.000694999999999704 391
0.000695999999999704 391
0.000696999999999704 390
0.000697999999999704 390
0.000698999999999704 390
0.000699999999999704 390
0.000700999999999704 390
0.000701999999999704 390
0.000702999999999704 390
0.000703999999999704 390
0.000704999999999704 390
0.000705999999999704 390
0.000706999999999704 390
0.000707999999999704 390
0.000708999999999704 390
0.000709999999999704 390
0.000710999999999704 390
0.000711999999999704 390
0.000712999999999704 390
0.000713999999999704 390
0.000714999999999704 389
0.000715999999999704 389
0.000716999999999704 389
0.000717999999999704 389
0.000718999999999704 389
0.000719999999999704 389
0.000720999999999704 389
0.000721999999999704 389
0.000722999999999704 389
0.000723999999999704 389
0.000724999999999704 389
0.000725999999999704 389
0.000726999999999704 389
0.000727999999999704 389
0.000728999999999704 389
0.000729999999999704 389
0.000730999999999704 389
0.000731999999999704 389
0.000732999999999704 389
0.000733999999999704 389
0.000734999999999704 389
0.000735999999999704 389
0.000736999999999704 389
0.000737999999999704 389
0.000738999999999704 389
0.000739999999999704 389
0.000740999999999704 389
0.000741999999999704 389
0.000742999999999704 389
0.000743999999999704 390
0.000744999999999704 389
0.000745999999999704 389
0.000746999999999704 389
0.000747999999999704 389
0.000748999999999704 389
0.000749999999999704 389
0.000750999999999704 389
0.000751999999999704 389
0.000752999999999704 389
0.000753999999999704 389
0.000754999999999704 389
0.000755999999999704 389
0.000756999999999704 389
0.000757999999999704 389
0.000758999999999704 390
0.000759999999999704 389
0.000760999999999704 389
0.000761999999999704 388
0.000762999999999704 388
0.000763999999999704 388
0.000764999999999704 387
0.000765999999999704 387
0.000766999999999704 388
0.000767999999999704 388
0.000768999999999704 387
0.000769999999999704 387
0.000770999999999704 387
0.000771999999999704 387
0.000772999999999704 387
0.000773999999999704 387
0.000774999999999704 387
0.000775999999999704 388
0.000776999999999704 388
0.000777999999999704 388
0.000778999999999704 388
0.000779999999999704 388
0.000780999999999704 388
0.000781999999999704 388
0.000782999999999704 388
0.000783999999999704 388
0.000784999999999704 388
0.000785999999999704 388
0.000786999999999704 388
0.000787999999999704 388
0.000788999999999704 388
0.000789999999999704 388
0.000790999999999704 388
0.000791999999999704 388
0.000792999999999704 388
0.000793999999999704 388
0.000794999999999704 388
0.000795999999999704 388
0.000796999999999704 388
0.000797999999999704 388
0.000798999999999704 388
0.000799999999999704 388
0.000800999999999704 388
0.000801999999999704 388
0.000802999999999704 388
0.000803999999999704 388
0.000804999999999704 388
0.000805999999999704 388
0.000806999999999704 388
0.000807999999999704 388
0.000808999999999704 388
0.000809999999999704 388
0.000810999999999704 388
0.000811999999999704 388
0.000812999999999704 388
0.000813999999999704 389
0.000814999999999704 389
0.000815999999999704 389
0.000816999999999704 389
0.000817999999999704 389
0.000818999999999704 389
0.000819999999999704 390
0.000820999999999704 390
0.000821999999999704 390
0.000822999999999704 390
0.000823999999999704 390
0.000824999999999704 390
0.000825999999999704 390
0.000826999999999704 390
0.000827999999999704 390
0.000828999999999704 390
0.000829999999999704 390
0.000830999999999704 389
0.000831999999999704 389
0.000832999999999704 389
0.000833999999999704 389
0.000834999999999704 389
0.000835999999999704 389
0.000836999999999704 389
0.000837999999999704 389
0.000838999999999704 389
0.000839999999999704 389
0.000840999999999704 389
0.000841999999999704 389
0.000842999999999704 389
0.000843999999999704 389
0.000844999999999704 389
0.000845999999999704 389
0.000846999999999704 389
0.000847999999999704 389
0.000848999999999704 389
0.000849999999999704 389
0.000850999999999704 389
0.000851999999999704 389
0.000852999999999704 389
0.000853999999999704 389
0.000854999999999704 388
0.000855999999999704 388
0.000856999999999704 388
0.000857999999999704 388
0.000858999999999704 388
0.000859999999999704 388
0.000860999999999704 388
0.000861999999999704 388
0.000862999999999704 388
0.000863999999999704 388
0.000864999999999704 388
0.000865999999999704 388
0.000866999999999704 388
0.000867999999999704 388
0.000868999999999704 388
0.000869999999999704 388
0.000870999999999704 388
0.000871999999999704 388
0.000872999999999704 388
0.000873999999999704 388
0.000874999999999704 388
0.000875999999999704 388
0.000876999999999704 388
0.000877999999999704 388
0.000878999999999704 388
0.000879999999999704 388
0.000880999999999704 388
0.000881999999999704 388
0.000882999999999704 388
0.000883999999999704 388
0.000884999999999704 388
0.000885999999999704 388
0.000886999999999704 388
0.000887999999999704 388
0.000888999999999704 389
0.000889999999999704 388
0.000890999999999704 388
0.000891999999999704 388
0.000892999999999704 388
0.000893999999999704 388
0.000894999999999704 388
0.000895999999999704 388
0.000896999999999704 388
0.000897999999999704 388
0.000898999999999704 388
0.000899999999999704 388
0.000900999999999704 388
0.000901999999999704 388
0.000902999999999704 388
0.000903999999999704 388
0.000904999999999704 388
0.000905999999999704 388
0.000906999999999704 388
0.000907999999999704 388
0.000908999999999704 388
0.000909999999999704 388
0.000910999999999704 388
0.000911999999999704 388
0.000912999999999704 388
0.000913999999999704 388
0.000914999999999704 388
0.000915999999999704 388
0.000916999999999704 388
0.000917999999999704 388
0.000918999999999704 388
0.000919999999999704 388
0.000920999999999704 388
0.000921999999999704 389
0.000922999999999704 388
0.000923999999999704 388
0.000924999999999704 388
0.000925999999999704 388
0.000926999999999704 388
0.000927999999999704 388
0.000928999999999704 388
0.000929999999999704 388
0.000930999999999704 388
0.000931999999999704 388
0.000932999999999704 388
0.000933999999999704 388
0.000934999999999704 389
0.000935999999999704 389
0.000936999999999704 389
0.000937999999999704 389
0.000938999999999704 389
0.000939999999999704 389
0.000940999999999704 389
0.000941999999999704 389
0.000942999999999704 389
0.000943999999999704 389
0.000944999999999704 389
0.000945999999999704 389
0.000946999999999704 389
0.000947999999999704 389
0.000948999999999704 389
0.000949999999999704 389
0.000950999999999704 389
0.000951999999999704 389
0.000952999999999704 389
0.000953999999999704 389
0.000954999999999704 389
0.000955999999999704 389
0.000956999999999704 389
0.000957999999999704 389
0.000958999999999704 389
0.000959999999999704 389
0.000960999999999704 389
0.000961999999999704 389
0.000962999999999704 389
0.000963999999999704 389
0.000964999999999704 389
0.000965999999999704 388
0.000966999999999704 388
0.000967999999999704 388
0.000968999999999704 388
0.000969999999999704 388
0.000970999999999704 388
0.000971999999999704 388
0.000972999999999704 388
0.000973999999999704 388
0.000974999999999704 388
0.000975999999999704 388
0.000976999999999704 388
0.000977999999999704 388
0.000978999999999704 388
0.000979999999999704 388
0.000980999999999704 388
0.000981999999999704 389
0.000982999999999704 388
0.000983999999999704 388
0.000984999999999704 388
0.000985999999999704 388
0.000986999999999704 388
0.000987999999999704 388
0.000988999999999705 388
0.000989999999999704 388
0.000990999999999704 388
0.000991999999999704 388
0.000992999999999704 388
0.000993999999999704 388
0.000994999999999704 388
0.000995999999999704 388
0.000996999999999704 388
0.000997999999999704 388
0.000998999999999704 388
0.000999999999999704 388
0.0010009999999997 388
0.0010019999999997 388
0.0010029999999997 388
0.0010039999999997 387
0.0010049999999997 387
0.0010059999999997 387
0.0010069999999997 387
0.0010079999999997 387
0.0010089999999997 387
0.0010099999999997 388
0.0010109999999997 388
0.0010119999999997 388
0.0010129999999997 387
0.0010139999999997 387
0.0010149999999997 387
0.0010159999999997 387
0.0010169999999997 387
0.0010179999999997 387
0.0010189999999997 387
0.0010199999999997 387
0.0010209999999997 387
0.0010219999999997 387
0.0010229999999997 387
0.0010239999999997 387
0.0010249999999997 387
0.0010259999999997 387
0.0010269999999997 387
0.0010279999999997 387
0.0010289999999997 387
0.0010299999999997 387
0.0010309999999997 387
0.0010319999999997 387
0.0010329999999997 387
0.0010339999999997 387
0.0010349999999997 387
0.0010359999999997 388
0.0010369999999997 388
0.0010379999999997 388
0.0010389999999997 388
0.0010399999999997 388
0.0010409999999997 388
0.0010419999999997 388
0.0010429999999997 388
0.0010439999999997 388
0.0010449999999997 388
0.0010459999999997 388
0.0010469999999997 388
0.0010479999999997 388
0.0010489999999997 388
0.0010499999999997 388
0.0010509999999997 388
0.0010519999999997 388
0.0010529999999997 388
0.0010539999999997 388
0.0010549999999997 388
0.0010559999999997 388
0.0010569999999997 389
0.0010579999999997 389
0.0010589999999997 388
0.0010599999999997 388
0.0010609999999997 388
0.0010619999999997 388
0.0010629999999997 388
0.0010639999999997 388
0.0010649999999997 388
0.0010659999999997 388
0.0010669999999997 388
0.0010679999999997 388
0.0010689999999997 388
0.0010699999999997 388
0.0010709999999997 388
0.0010719999999997 388
0.0010729999999997 388
0.0010739999999997 388
0.0010749999999997 388
0.0010759999999997 388
0.0010769999999997 388
0.0010779999999997 388
0.0010789999999997 388
0.0010799999999997 388
0.0010809999999997 388
0.0010819999999997 387
0.0010829999999997 388
0.0010839999999997 388
0.0010849999999997 388
0.0010859999999997 389
0.0010869999999997 389
0.0010879999999997 388
0.0010889999999997 388
0.0010899999999997 387
0.0010909999999997 387
0.0010919999999997 387
0.0010929999999997 387
0.0010939999999997 387
0.0010949999999997 387
0.0010959999999997 387
0.0010969999999997 387
0.0010979999999997 387
0.0010989999999997 387
0.0010999999999997 387
0.0011009999999997 387
0.0011019999999997 387
0.0011029999999997 387
0.0011039999999997 387
0.0011049999999997 387
0.0011059999999997 387
0.0011069999999997 387
0.0011079999999997 387
0.0011089999999997 387
0.0011099999999997 387
0.0011109999999997 387
0.0011119999999997 387
0.0011129999999997 387
0.0011139999999997 387
0.0011149999999997 387
0.0011159999999997 387
0.0011169999999997 387
0.0011179999999997 387
0.0011189999999997 387
0.0011199999999997 387
0.0011209999999997 387
0.0011219999999997 387
0.0011229999999997 387
0.0011239999999997 388
0.0011249999999997 387
0.0011259999999997 387
0.0011269999999997 387
0.0011279999999997 387
0.0011289999999997 387
0.0011299999999997 387
0.0011309999999997 387
0.0011319999999997 387
0.0011329999999997 387
0.0011339999999997 387
0.0011349999999997 387
0.0011359999999997 387
0.0011369999999997 387
0.0011379999999997 387
0.0011389999999997 387
0.0011399999999997 387
0.0011409999999997 387
0.0011419999999997 387
0.0011429999999997 387
0.0011439999999997 387
0.0011449999999997 386
0.0011459999999997 386
0.0011469999999997 386
0.0011479999999997 386
0.0011489999999997 386
0.0011499999999997 386
0.0011509999999997 386
0.0011519999999997 386
0.0011529999999997 386
0.0011539999999997 386
0.0011549999999997 386
0.0011559999999997 386
0.0011569999999997 386
0.0011579999999997 387
0.0011589999999997 387
0.0011599999999997 387
0.0011609999999997 387
0.0011619999999997 387
0.0011629999999997 387
0.0011639999999997 387
0.0011649999999997 387
0.0011659999999997 387
0.0011669999999997 387
0.0011679999999997 386
0.0011689999999997 386
0.0011699999999997 386
0.0011709999999997 386
0.0011719999999997 386
0.0011729999999997 386
0.0011739999999997 386
0.0011749999999997 385
0.0011759999999997 385
0.0011769999999997 385
0.0011779999999997 385
0.0011789999999997 385
0.0011799999999997 385
0.0011809999999997 386
0.0011819999999997 386
0.0011829999999997 386
0.0011839999999997 386
0.0011849999999997 386
0.0011859999999997 386
0.0011869999999997 386
0.0011879999999997 386
0.0011889999999997 386
0.0011899999999997 386
0.0011909999999997 386
0.0011919999999997 386
0.0011929999999997 386
0.0011939999999997 386
0.0011949999999997 386
0.0011959999999997 386
0.0011969999999997 386
0.0011979999999997 386
0.0011989999999997 386
0.0011999999999997 386
0.0012009999999997 386
0.0012019999999997 386
0.0012029999999997 386
0.0012039999999997 386
0.0012049999999997 386
0.0012059999999997 386
0.0012069999999997 386
0.0012079999999997 386
0.0012089999999997 386
0.0012099999999997 386
0.0012109999999997 386
0.0012119999999997 386
0.0012129999999997 386
0.0012139999999997 386
0.0012149999999997 386
0.0012159999999997 386
0.0012169999999997 386
0.0012179999999997 386
0.0012189999999997 386
0.0012199999999997 386
0.0012209999999997 386
0.0012219999999997 386
0.0012229999999997 386
0.0012239999999997 386
0.0012249999999997 386
0.0012259999999997 386
0.0012269999999997 386
0.0012279999999997 386
0.0012289999999997 386
0.0012299999999997 386
0.0012309999999997 386
0.0012319999999997 386
0.0012329999999997 386
0.0012339999999997 386
0.0012349999999997 386
0.0012359999999997 386
0.0012369999999997 386
0.0012379999999997 386
0.0012389999999997 386
0.0012399999999997 386
0.0012409999999997 386
0.0012419999999997 386
0.0012429999999997 386
0.0012439999999997 386
0.0012449999999997 386
0.0012459999999997 386
0.0012469999999997 386
0.0012479999999997 386
0.0012489999999997 386
0.0012499999999997 386
0.0012509999999997 386
0.0012519999999997 386
0.0012529999999997 386
0.0012539999999997 386
0.0012549999999997 386
0.0012559999999997 386
0.0012569999999997 386
0.0012579999999997 386
0.0012589999999997 386
0.0012599999999997 386
0.0012609999999997 385
0.0012619999999997 385
0.0012629999999997 385
0.0012639999999997 385
0.0012649999999997 385
0.0012659999999997 386
0.0012669999999997 386
0.0012679999999997 385
0.0012689999999997 385
0.0012699999999997 385
0.0012709999999997 385
0.0012719999999997 385
0.0012729999999997 385
0.0012739999999997 385
0.0012749999999997 385
0.0012759999999997 385
0.0012769999999997 385
0.0012779999999997 385
0.0012789999999997 385
0.0012799999999997 385
0.0012809999999997 385
0.0012819999999997 385
0.0012829999999997 385
0.0012839999999997 385
0.0012849999999997 385
0.0012859999999997 385
0.0012869999999997 385
0.0012879999999997 385
0.0012889999999997 385
0.0012899999999997 385
0.0012909999999997 385
0.0012919999999997 385
0.0012929999999997 385
0.0012939999999997 385
0.0012949999999997 385
0.0012959999999997 385
0.0012969999999997 385
0.0012979999999997 385
0.0012989999999997 385
0.0012999999999997 385
0.0013009999999997 385
0.0013019999999997 385
0.0013029999999997 384
0.0013039999999997 384
0.0013049999999997 384
0.0013059999999997 384
0.0013069999999997 385
0.0013079999999997 385
0.0013089999999997 385
0.0013099999999997 385
0.0013109999999997 385
0.0013119999999997 385
0.0013129999999997 385
0.0013139999999997 385
0.0013149999999997 385
0.0013159999999997 385
0.0013169999999997 385
0.0013179999999997 385
0.0013189999999997 385
0.0013199999999997 385
0.0013209999999997 385
0.0013219999999997 385
0.0013229999999997 385
0.0013239999999997 385
0.0013249999999997 385
0.0013259999999997 384
0.0013269999999997 384
0.0013279999999997 384
0.0013289999999997 384
0.0013299999999997 384
0.0013309999999997 384
0.0013319999999997 384
0.0013329999999997 384
0.0013339999999997 384
0.0013349999999997 384
0.0013359999999997 384
0.0013369999999997 384
0.0013379999999997 384
0.0013389999999997 384
0.0013399999999997 384
0.0013409999999997 384
0.0013419999999997 384
0.0013429999999997 384
0.0013439999999997 384
0.0013449999999997 384
0.0013459999999997 384
0.0013469999999997 384
0.0013479999999997 384
0.0013489999999997 384
0.0013499999999997 384
0.0013509999999997 384
0.0013519999999997 384
0.0013529999999997 384
0.0013539999999997 384
0.0013549999999997 384
0.0013559999999997 384
0.0013569999999997 384
0.0013579999999997 384
0.0013589999999997 384
0.0013599999999997 384
0.0013609999999997 384
0.0013619999999997 384
0.0013629999999997 384
0.0013639999999997 384
0.0013649999999997 384
0.0013659999999997 384
0.0013669999999997 384
0.0013679999999997 385
0.0013689999999997 385
0.0013699999999997 385
0.0013709999999997 385
0.0013719999999997 385
0.0013729999999997 385
0.0013739999999997 385
0.0013749999999997 385
0.0013759999999997 385
0.0013769999999997 385
0.0013779999999997 385
0.0013789999999997 385
0.0013799999999997 385
0.0013809999999997 385
0.0013819999999997 385
0.0013829999999997 385
0.0013839999999997 385
0.0013849999999997 385
0.0013859999999997 385
0.0013869999999997 385
0.0013879999999997 385
0.0013889999999997 385
0.0013899999999997 385
0.0013909999999997 385
0.0013919999999997 385
0.0013929999999997 385
0.0013939999999997 385
0.0013949999999997 385
0.0013959999999997 385
0.0013969999999997 385
0.0013979999999997 385
0.0013989999999997 385
0.0013999999999997 385
0.0014009999999997 385
0.0014019999999997 385
0.0014029999999997 385
0.0014039999999997 385
0.0014049999999997 385
0.0014059999999997 385
0.0014069999999997 385
0.0014079999999997 385
0.0014089999999997 385
0.0014099999999997 385
0.0014109999999997 385
0.0014119999999997 385
0.0014129999999997 385
0.0014139999999997 385
0.0014149999999997 385
0.0014159999999997 385
0.0014169999999997 385
0.0014179999999997 385
0.0014189999999997 385
0.0014199999999997 385
0.0014209999999997 385
0.0014219999999997 385
0.0014229999999997 385
0.0014239999999997 385
0.0014249999999997 385
0.0014259999999997 385
0.0014269999999997 385
0.0014279999999997 385
0.0014289999999997 385
0.0014299999999997 385
0.0014309999999997 385
0.0014319999999997 385
0.0014329999999997 385
0.0014339999999997 385
0.0014349999999997 385
0.0014359999999997 385
0.0014369999999997 385
0.0014379999999997 385
0.0014389999999997 385
0.0014399999999997 385
0.0014409999999997 385
0.0014419999999997 385
0.0014429999999997 385
0.0014439999999997 385
0.0014449999999997 385
0.0014459999999997 385
0.0014469999999997 385
0.0014479999999997 385
0.0014489999999997 385
0.0014499999999997 385
0.0014509999999997 384
0.0014519999999997 383
0.0014529999999997 383
0.0014539999999997 384
0.0014549999999997 384
0.0014559999999997 384
0.0014569999999997 384
0.0014579999999997 384
0.0014589999999997 384
0.0014599999999997 383
0.0014609999999997 383
0.0014619999999997 383
0.0014629999999997 383
0.0014639999999997 383
0.0014649999999997 383
0.0014659999999997 383
0.0014669999999997 383
0.0014679999999997 383
0.0014689999999997 383
0.0014699999999997 383
0.0014709999999997 383
0.0014719999999997 382
0.0014729999999997 382
0.0014739999999997 382
0.0014749999999997 382
0.0014759999999997 382
0.0014769999999997 382
0.0014779999999997 382
0.0014789999999997 382
0.0014799999999997 382
0.0014809999999997 382
0.0014819999999997 382
0.0014829999999997 382
0.0014839999999997 382
0.0014849999999997 382
0.0014859999999997 382
0.0014869999999997 382
0.0014879999999997 382
0.0014889999999997 382
0.0014899999999997 382
0.0014909999999997 382
0.0014919999999997 382
0.0014929999999997 382
0.0014939999999997 382
0.0014949999999997 382
0.0014959999999997 382
0.0014969999999997 383
0.0014979999999997 382
0.0014989999999997 382
0.0014999999999997 382
0.0015009999999997 382
0.0015019999999997 382
0.0015029999999997 382
0.0015039999999997 382
0.0015049999999997 382
0.0015059999999997 382
0.0015069999999997 382
0.0015079999999997 381
0.0015089999999997 381
0.0015099999999997 381
0.0015109999999997 381
0.0015119999999997 381
0.0015129999999997 381
0.0015139999999997 381
0.0015149999999997 381
0.0015159999999997 381
0.0015169999999997 381
0.0015179999999997 381
0.0015189999999997 381
0.0015199999999997 381
0.0015209999999997 381
0.0015219999999997 381
0.0015229999999997 381
0.0015239999999997 381
0.0015249999999997 381
0.0015259999999997 381
0.0015269999999997 381
0.0015279999999997 381
0.0015289999999997 381
0.0015299999999997 381
0.0015309999999997 381
0.0015319999999997 381
0.0015329999999997 381
0.0015339999999997 381
0.0015349999999997 381
0.0015359999999997 381
0.0015369999999997 381
0.0015379999999997 381
0.0015389999999997 381
0.0015399999999997 381
0.0015409999999997 381
0.0015419999999997 382
0.0015429999999997 383
0.0015439999999997 383
0.0015449999999997 383
0.0015459999999997 383
0.0015469999999997 382
0.0015479999999997 382
0.0015489999999997 382
0.0015499999999997 382
0.0015509999999997 382
0.0015519999999997 382
0.0015529999999997 382
0.0015539999999997 382
0.0015549999999997 382
0.0015559999999997 382
0.0015569999999997 382
0.0015579999999997 382
0.0015589999999997 382
0.0015599999999997 382
0.0015609999999997 382
0.0015619999999997 382
0.0015629999999997 382
0.0015639999999997 382
0.0015649999999997 382
0.0015659999999997 382
0.0015669999999997 382
0.0015679999999997 382
0.0015689999999997 382
0.0015699999999997 382
0.0015709999999997 382
0.0015719999999997 382
0.0015729999999997 382
0.0015739999999997 382
0.0015749999999997 382
0.0015759999999997 382
0.0015769999999997 382
0.0015779999999997 382
0.0015789999999997 382
0.0015799999999997 382
0.0015809999999997 382
0.0015819999999997 382
0.0015829999999997 382
0.0015839999999997 382
0.0015849999999997 382
0.0015859999999997 382
0.0015869999999997 382
0.0015879999999997 382
0.0015889999999997 382
0.0015899999999997 382
0.0015909999999997 382
0.0015919999999997 382
0.0015929999999997 382
0.0015939999999997 382
0.0015949999999997 382
0.0015959999999997 382
0.0015969999999997 382
0.0015979999999997 382
0.0015989999999997 382
0.0015999999999997 382
0.0016009999999997 382
0.0016019999999997 382
0.0016029999999997 382
0.0016039999999997 382
0.0016049999999997 382
0.0016059999999997 382
0.0016069999999997 382
0.0016079999999997 381
0.0016089999999997 381
0.0016099999999997 381
0.0016109999999997 381
0.0016119999999997 381
0.0016129999999997 381
0.0016139999999997 381
0.0016149999999997 381
0.0016159999999997 381
0.0016169999999997 382
0.0016179999999997 382
0.0016189999999997 381
0.0016199999999997 381
0.0016209999999997 381
0.0016219999999997 381
0.0016229999999997 381
0.0016239999999997 381
0.0016249999999997 381
0.0016259999999997 381
0.0016269999999997 381
0.0016279999999997 381
0.0016289999999997 381
0.0016299999999997 381
0.0016309999999997 381
0.0016319999999997 381
0.0016329999999997 381
0.0016339999999997 381
0.0016349999999997 381
0.0016359999999997 381
0.0016369999999997 381
0.0016379999999997 381
0.0016389999999997 381
0.0016399999999997 381
0.0016409999999997 381
0.0016419999999997 381
0.0016429999999997 382
0.0016439999999997 381
0.0016449999999997 381
0.0016459999999997 381
0.0016469999999997 381
0.0016479999999997 381
0.0016489999999997 381
0.0016499999999997 381
0.0016509999999997 381
0.0016519999999997 381
0.0016529999999997 381
0.0016539999999997 381
0.0016549999999997 381
0.0016559999999997 381
0.0016569999999997 381
0.0016579999999997 381
0.0016589999999997 381
0.0016599999999997 381
0.0016609999999997 381
0.0016619999999997 381
0.0016629999999997 381
0.0016639999999997 381
0.0016649999999997 381
0.0016659999999997 381
0.0016669999999997 381
0.0016679999999997 381
0.0016689999999997 381
0.0016699999999997 381
0.0016709999999997 381
0.0016719999999997 381
0.0016729999999997 381
0.0016739999999997 381
0.0016749999999997 381
0.0016759999999997 381
0.0016769999999997 381
0.0016779999999997 381
0.0016789999999997 381
0.0016799999999997 381
0.0016809999999997 382
0.0016819999999997 382
0.0016829999999997 382
0.0016839999999997 382
0.0016849999999997 382
0.0016859999999997 382
0.0016869999999997 382
0.0016879999999997 382
0.0016889999999997 382
0.0016899999999997 382
0.0016909999999997 382
0.0016919999999997 382
0.0016929999999997 382
0.0016939999999997 382
0.0016949999999997 382
0.0016959999999997 382
0.0016969999999997 382
0.0016979999999997 382
0.0016989999999997 382
0.0016999999999997 382
0.0017009999999997 382
0.0017019999999997 382
0.0017029999999997 382
0.0017039999999997 382
0.0017049999999997 382
0.0017059999999997 382
0.0017069999999997 382
0.0017079999999997 382
0.0017089999999997 382
0.0017099999999997 382
0.0017109999999997 382
0.0017119999999997 382
0.0017129999999997 382
0.0017139999999997 382
0.0017149999999997 382
0.0017159999999997 382
0.0017169999999997 382
0.0017179999999997 382
0.0017189999999997 382
0.0017199999999997 382
0.0017209999999997 382
0.0017219999999997 382
0.0017229999999997 382
0.0017239999999997 382
0.0017249999999997 382
0.0017259999999997 382
0.0017269999999997 382
0.0017279999999997 382
0.0017289999999997 382
0.0017299999999997 382
0.0017309999999997 382
0.0017319999999997 382
0.0017329999999997 382
0.0017339999999997 382
0.0017349999999997 382
0.0017359999999997 381
0.0017369999999997 381
0.0017379999999997 381
0.0017389999999997 381
0.0017399999999997 381
0.0017409999999997 381
0.0017419999999997 381
0.0017429999999997 381
0.0017439999999997 381
0.0017449999999997 381
0.0017459999999997 381
0.0017469999999997 381
0.0017479999999997 381
0.0017489999999997 381
0.0017499999999997 381
0.0017509999999997 381
0.0017519999999997 381
0.0017529999999997 381
0.0017539999999997 381
0.0017549999999997 381
0.0017559999999997 381
0.0017569999999997 381
0.0017579999999997 381
0.0017589999999997 381
0.0017599999999997 381
0.0017609999999997 381
0.0017619999999997 381
0.0017629999999997 381
0.0017639999999997 381
0.0017649999999997 381
0.0017659999999997 381
0.0017669999999997 381
0.0017679999999997 381
0.0017689999999997 381
0.0017699999999997 381
0.0017709999999997 381
0.0017719999999997 381
0.0017729999999997 381
0.0017739999999997 381
0.0017749999999997 381
0.0017759999999997 382
0.0017769999999997 382
0.0017779999999997 382
0.0017789999999997 382
0.0017799999999997 382
0.0017809999999997 382
0.0017819999999997 382
0.0017829999999997 382
0.0017839999999997 382
0.0017849999999997 382
0.0017859999999997 382
0.0017869999999997 382
0.0017879999999997 382
0.0017889999999997 382
0.0017899999999997 382
0.0017909999999997 382
0.0017919999999997 382
0.0017929999999997 382
0.0017939999999997 382
0.0017949999999997 382
0.0017959999999997 382
0.0017969999999997 382
0.0017979999999997 382
0.0017989999999997 382
0.0017999999999997 382
0.0018009999999997 382
0.0018019999999997 383
0.0018029999999997 383
0.0018039999999997 383
0.0018049999999997 383
0.0018059999999997 383
0.0018069999999997 383
0.0018079999999997 383
0.0018089999999997 383
0.0018099999999997 383
0.0018109999999997 383
0.0018119999999997 383
0.0018129999999997 383
0.0018139999999997 383
0.0018149999999997 383
0.0018159999999997 383
0.0018169999999997 383
0.0018179999999997 383
0.0018189999999997 383
0.0018199999999997 383
0.0018209999999997 383
0.0018219999999997 383
0.0018229999999997 383
0.0018239999999997 383
0.0018249999999997 383
0.0018259999999997 383
0.0018269999999997 383
0.0018279999999997 383
0.0018289999999997 383
0.0018299999999997 383
0.0018309999999997 383
0.0018319999999997 383
0.0018329999999997 383
0.0018339999999997 383
0.0018349999999997 383
0.0018359999999997 383
0.0018369999999997 383
0.0018379999999997 383
0.0018389999999997 383
0.0018399999999997 383
0.0018409999999997 383
0.0018419999999997 383
0.0018429999999997 383
0.0018439999999997 383
0.0018449999999997 383
0.0018459999999997 383
0.0018469999999997 383
0.0018479999999997 383
0.0018489999999997 383
0.0018499999999997 383
0.0018509999999997 383
0.0018519999999997 383
0.0018529999999997 383
0.0018539999999997 383
0.0018549999999997 383
0.0018559999999997 383
0.0018569999999997 383
0.0018579999999997 383
0.0018589999999997 383
0.0018599999999997 383
0.0018609999999997 383
0.0018619999999997 383
0.0018629999999997 383
0.0018639999999997 383
0.0018649999999997 383
0.0018659999999997 383
0.0018669999999997 383
0.0018679999999997 383
0.0018689999999997 383
0.0018699999999997 383
0.0018709999999997 383
0.0018719999999997 383
0.0018729999999997 383
0.0018739999999997 383
0.0018749999999997 383
0.0018759999999997 382
0.0018769999999997 382
0.0018779999999997 382
0.0018789999999997 382
0.0018799999999997 382
0.0018809999999997 382
0.0018819999999997 382
0.0018829999999997 382
0.0018839999999997 382
0.0018849999999997 382
0.0018859999999997 382
0.0018869999999997 382
0.0018879999999997 382
0.0018889999999997 382
0.0018899999999997 382
0.0018909999999997 382
0.0018919999999997 382
0.0018929999999997 382
0.0018939999999997 382
0.0018949999999997 382
0.0018959999999997 382
0.0018969999999997 382
0.0018979999999997 382
0.0018989999999997 382
0.0018999999999997 382
0.0019009999999997 382
0.0019019999999997 382
0.0019029999999997 382
0.0019039999999997 382
0.0019049999999997 382
0.0019059999999997 382
0.0019069999999997 382
0.0019079999999997 382
0.0019089999999997 382
0.0019099999999997 382
0.0019109999999997 382
0.0019119999999997 382
0.0019129999999997 382
0.0019139999999997 382
0.0019149999999997 382
0.0019159999999997 382
0.0019169999999997 382
0.0019179999999997 382
0.0019189999999997 382
0.0019199999999997 382
0.0019209999999997 382
0.0019219999999997 382
0.0019229999999997 382
0.0019239999999997 382
0.0019249999999997 382
0.0019259999999997 382
0.0019269999999997 382
0.0019279999999997 382
0.0019289999999997 382
0.0019299999999997 382
0.0019309999999997 382
0.0019319999999997 382
0.0019329999999997 382
0.0019339999999997 382
0.0019349999999997 382
0.0019359999999997 382
0.0019369999999997 382
0.0019379999999997 382
0.0019389999999997 382
0.0019399999999997 382
0.0019409999999997 382
0.0019419999999997 382
0.0019429999999997 382
0.0019439999999997 382
0.0019449999999997 382
0.0019459999999997 382
0.0019469999999997 382
0.0019479999999997 382
0.0019489999999997 382
0.0019499999999997 382
0.0019509999999997 382
0.0019519999999997 382
0.0019529999999997 382
0.0019539999999997 382
0.0019549999999997 382
0.0019559999999997 382
0.0019569999999997 382
0.0019579999999997 382
0.0019589999999997 382
0.0019599999999997 382
0.0019609999999997 382
0.0019619999999997 382
0.0019629999999997 382
0.0019639999999997 382
0.0019649999999997 382
0.0019659999999997 382
0.0019669999999997 382
0.0019679999999997 382
0.0019689999999997 383
0.0019699999999997 382
0.0019709999999997 382
0.0019719999999997 382
0.0019729999999997 382
0.0019739999999997 382
0.0019749999999997 382
0.0019759999999997 382
0.0019769999999997 382
0.0019779999999997 382
0.0019789999999997 382
0.0019799999999997 382
0.0019809999999997 382
0.0019819999999997 382
0.0019829999999997 382
0.0019839999999997 382
0.0019849999999997 382
0.0019859999999997 382
0.0019869999999997 382
0.0019879999999997 382
0.0019889999999997 382
0.0019899999999997 382
0.0019909999999997 382
0.0019919999999997 382
0.0019929999999997 382
0.0019939999999997 382
0.0019949999999997 382
0.0019959999999997 382
0.0019969999999997 382
0.0019979999999997 382
0.0019989999999997 382
0.0019999999999997 382
0.0020009999999997 382
0.0020019999999997 382
0.0020029999999997 382
0.0020039999999997 382
0.0020049999999997 381
0.0020059999999997 381
0.0020069999999997 381
0.0020079999999997 381
0.0020089999999997 381
0.0020099999999997 381
0.0020109999999997 381
0.0020119999999997 381
0.0020129999999997 381
0.0020139999999997 381
0.0020149999999997 381
0.0020159999999997 381
0.0020169999999997 381
0.0020179999999997 381
0.0020189999999997 381
0.0020199999999997 381
0.0020209999999997 381
0.0020219999999997 381
0.0020229999999997 381
0.0020239999999997 381
0.0020249999999997 381
0.0020259999999997 381
0.0020269999999997 381
0.0020279999999997 381
0.0020289999999997 381
0.0020299999999997 381
0.0020309999999997 381
0.0020319999999997 381
0.0020329999999997 381
0.0020339999999997 381
0.0020349999999997 381
0.0020359999999997 381
0.0020369999999997 381
0.0020379999999997 381
0.0020389999999997 381
0.0020399999999997 381
0.0020409999999997 381
0.0020419999999997 381
0.0020429999999997 381
0.0020439999999997 381
0.0020449999999997 381
0.0020459999999997 381
0.0020469999999997 381
0.0020479999999997 381
0.0020489999999997 381
0.0020499999999997 381
0.0020509999999997 381
0.0020519999999997 381
0.0020529999999997 381
0.0020539999999997 382
0.0020549999999997 382
0.0020559999999997 382
0.0020569999999997 382
0.0020579999999997 382
0.0020589999999997 382
0.0020599999999997 382
0.0020609999999997 382
0.0020619999999997 382
0.0020629999999997 382
0.0020639999999997 382
0.0020649999999997 382
0.0020659999999997 382
0.0020669999999997 382
0.0020679999999997 382
0.0020689999999997 382
0.0020699999999997 382
0.0020709999999997 382
0.0020719999999997 382
0.0020729999999997 382
0.0020739999999997 382
0.0020749999999997 382
0.0020759999999997 382
0.0020769999999997 382
0.0020779999999997 382
0.0020789999999997 382
0.0020799999999997 382
0.0020809999999997 382
0.0020819999999997 382
0.0020829999999997 382
0.0020839999999997 382
0.0020849999999997 383
0.0020859999999997 382
0.0020869999999997 382
0.0020879999999997 382
0.0020889999999997 382
0.0020899999999997 382
0.0020909999999997 382
0.0020919999999997 382
0.0020929999999997 382
0.0020939999999997 382
0.0020949999999997 382
0.0020959999999997 382
0.0020969999999997 382
0.0020979999999997 382
0.0020989999999997 382
0.0020999999999997 382
0.0021009999999997 382
0.0021019999999997 382
0.0021029999999997 382
0.0021039999999997 382
0.0021049999999997 382
0.0021059999999997 382
0.0021069999999997 382
0.0021079999999997 383
0.0021089999999997 383
0.0021099999999997 383
0.0021109999999997 383
0.0021119999999997 383
0.0021129999999997 383
0.0021139999999997 383
0.0021149999999997 383
0.0021159999999997 383
0.0021169999999997 383
0.0021179999999997 383
0.0021189999999997 383
0.0021199999999997 383
0.0021209999999997 383
0.0021219999999997 383
0.0021229999999997 383
0.0021239999999997 383
0.0021249999999997 383
0.0021259999999997 383
0.0021269999999997 383
0.0021279999999997 383
0.0021289999999997 383
0.0021299999999997 383
0.0021309999999997 383
0.0021319999999997 383
0.0021329999999997 383
0.0021339999999997 383
0.0021349999999997 383
0.0021359999999997 383
0.0021369999999997 383
0.0021379999999997 383
0.0021389999999997 383
0.0021399999999997 384
0.0021409999999997 384
0.0021419999999997 384
0.0021429999999997 384
0.0021439999999997 384
0.0021449999999997 384
0.0021459999999997 384
0.0021469999999997 384
0.0021479999999997 384
0.0021489999999997 384
0.0021499999999997 384
0.0021509999999997 384
0.0021519999999997 384
0.0021529999999997 384
0.0021539999999997 384
0.0021549999999997 384
0.0021559999999997 384
0.0021569999999997 384
0.0021579999999997 384
0.0021589999999997 384
0.0021599999999997 384
0.0021609999999997 384
0.0021619999999997 384
0.0021629999999997 384
0.0021639999999997 384
0.0021649999999997 384
0.0021659999999997 383
0.0021669999999997 383
0.0021679999999997 383
0.0021689999999997 383
0.0021699999999997 383
0.0021709999999997 383
0.0021719999999997 383
0.0021729999999997 383
0.0021739999999997 383
0.0021749999999997 383
0.0021759999999997 383
0.0021769999999997 383
0.0021779999999997 383
0.0021789999999997 383
0.0021799999999997 383
0.0021809999999997 383
0.0021819999999997 383
0.0021829999999997 383
0.0021839999999997 383
0.0021849999999997 383
0.0021859999999997 383
0.0021869999999997 383
0.0021879999999997 383
0.0021889999999997 383
0.0021899999999997 383
0.0021909999999997 383
0.0021919999999997 383
0.0021929999999997 383
0.0021939999999997 383
0.0021949999999997 382
0.0021959999999997 382
0.0021969999999997 382
0.0021979999999997 382
0.0021989999999997 382
0.0021999999999997 382
0.0022009999999997 382
0.0022019999999997 381
0.0022029999999997 381
0.0022039999999997 381
0.0022049999999997 381
0.0022059999999997 381
0.0022069999999997 381
0.0022079999999997 382
0.0022089999999997 382
0.0022099999999997 382
0.0022109999999997 381
0.0022119999999997 381
0.0022129999999997 381
0.0022139999999997 381
0.0022149999999997 381
0.0022159999999997 381
0.0022169999999997 381
0.0022179999999997 382
0.0022189999999997 382
0.0022199999999997 382
0.0022209999999997 382
0.0022219999999997 382
0.0022229999999997 382
0.0022239999999997 382
0.0022249999999997 382
0.0022259999999997 382
0.0022269999999997 382
0.0022279999999997 382
0.0022289999999997 381
0.0022299999999997 381
0.0022309999999997 381
0.0022319999999997 381
0.0022329999999997 381
0.0022339999999997 381
0.0022349999999997 381
0.0022359999999997 381
0.0022369999999997 381
0.0022379999999997 381
0.0022389999999997 381
0.0022399999999997 381
0.0022409999999997 381
0.0022419999999997 381
0.0022429999999997 381
0.0022439999999997 381
0.0022449999999997 381
0.0022459999999997 381
0.0022469999999997 381
0.0022479999999997 381
0.0022489999999997 381
0.0022499999999997 381
0.0022509999999997 381
0.0022519999999997 381
0.0022529999999997 381
0.0022539999999997 381
0.0022549999999997 381
0.0022559999999997 381
0.0022569999999997 381
0.0022579999999997 381
0.0022589999999997 381
0.0022599999999997 381
0.0022609999999997 381
0.0022619999999997 381
0.0022629999999997 381
0.0022639999999997 381
0.0022649999999997 381
0.0022659999999997 381
0.0022669999999997 381
0.0022679999999997 381
0.0022689999999997 381
0.0022699999999997 381
0.0022709999999997 381
0.0022719999999997 381
0.0022729999999997 381
0.0022739999999997 381
0.0022749999999997 381
0.0022759999999997 381
0.0022769999999997 381
0.0022779999999997 381
0.0022789999999997 381
0.0022799999999997 381
0.0022809999999997 381
0.0022819999999997 381
0.0022829999999997 381
0.0022839999999997 381
0.0022849999999997 381
0.0022859999999997 381
0.0022869999999997 381
0.0022879999999997 381
0.0022889999999997 381
0.0022899999999997 381
0.0022909999999997 381
0.0022919999999997 381
0.0022929999999997 381
0.0022939999999997 381
0.0022949999999997 381
0.0022959999999997 381
0.0022969999999997 381
0.0022979999999997 381
0.0022989999999997 381
0.0022999999999997 381
0.0023009999999997 381
0.0023019999999997 381
0.0023029999999997 381
0.0023039999999997 381
0.0023049999999997 381
0.0023059999999997 381
0.0023069999999997 381
0.0023079999999997 381
0.0023089999999997 381
0.0023099999999997 381
0.0023109999999997 381
0.0023119999999997 381
0.0023129999999997 381
0.0023139999999997 381
0.0023149999999997 381
0.0023159999999997 381
0.0023169999999997 381
0.0023179999999997 381
0.0023189999999997 381
0.0023199999999997 381
0.0023209999999997 381
0.0023219999999997 381
0.0023229999999997 381
0.0023239999999997 381
0.0023249999999997 381
0.0023259999999997 381
0.0023269999999997 381
0.0023279999999997 381
0.0023289999999997 381
0.0023299999999997 381
0.0023309999999997 381
0.0023319999999997 381
0.0023329999999997 381
0.0023339999999997 381
0.0023349999999997 381
0.0023359999999997 381
0.0023369999999997 381
0.0023379999999997 381
0.0023389999999997 381
0.0023399999999997 381
0.0023409999999997 381
0.0023419999999997 381
0.0023429999999997 381
0.0023439999999997 381
0.0023449999999997 381
0.0023459999999997 381
0.0023469999999997 381
0.0023479999999997 381
0.0023489999999997 381
0.0023499999999997 381
0.0023509999999997 381
0.0023519999999997 381
0.0023529999999997 381
0.0023539999999997 381
0.0023549999999997 381
0.0023559999999997 381
0.0023569999999997 381
0.0023579999999997 381
0.0023589999999997 381
0.0023599999999997 381
0.0023609999999997 381
0.0023619999999997 381
0.0023629999999997 381
0.0023639999999997 381
0.0023649999999997 381
0.0023659999999997 381
0.0023669999999997 381
0.0023679999999997 381
0.0023689999999997 381
0.0023699999999997 381
0.0023709999999997 381
0.0023719999999997 381
0.0023729999999997 381
0.0023739999999997 381
0.0023749999999997 381
0.0023759999999997 381
0.0023769999999997 381
0.0023779999999997 381
0.0023789999999997 381
0.0023799999999997 381
0.0023809999999997 381
0.0023819999999997 381
0.0023829999999997 381
0.0023839999999997 381
0.0023849999999997 381
0.0023859999999997 381
0.0023869999999997 381
0.0023879999999997 381
0.0023889999999997 381
0.0023899999999997 381
0.0023909999999997 381
0.0023919999999997 381
0.0023929999999997 381
0.0023939999999997 381
0.0023949999999997 381
0.0023959999999997 381
0.0023969999999997 381
0.0023979999999997 381
0.0023989999999997 381
0.0023999999999997 381
0.0024009999999997 381
0.0024019999999997 381
0.0024029999999997 381
0.0024039999999997 381
0.0024049999999997 381
0.0024059999999997 381
0.0024069999999997 381
0.0024079999999997 381
0.0024089999999997 381
0.0024099999999997 381
0.0024109999999997 381
0.0024119999999997 381
0.0024129999999997 381
0.0024139999999997 381
0.0024149999999997 381
0.0024159999999997 380
0.0024169999999997 380
0.0024179999999997 380
0.0024189999999997 380
0.0024199999999997 380
0.0024209999999997 380
0.0024219999999997 380
0.0024229999999997 380
0.0024239999999997 380
0.0024249999999997 380
0.0024259999999997 380
0.0024269999999997 380
0.0024279999999997 380
0.0024289999999997 380
0.0024299999999997 380
0.0024309999999997 380
0.0024319999999997 380
0.0024329999999997 380
0.0024339999999997 380
0.0024349999999997 380
0.0024359999999997 380
0.0024369999999997 380
0.0024379999999997 380
0.0024389999999997 380
0.0024399999999997 380
0.0024409999999997 380
0.0024419999999997 380
0.0024429999999997 380
0.0024439999999997 380
0.0024449999999997 380
0.0024459999999997 380
0.0024469999999997 380
0.0024479999999997 380
0.0024489999999997 380
0.0024499999999997 380
0.0024509999999997 380
0.0024519999999997 380
0.0024529999999997 380
0.0024539999999997 380
0.0024549999999997 380
0.0024559999999997 380
0.0024569999999997 380
0.0024579999999997 380
0.0024589999999997 380
0.0024599999999997 380
0.0024609999999997 380
0.0024619999999997 380
0.0024629999999997 380
0.0024639999999997 380
0.0024649999999997 380
0.0024659999999997 380
0.0024669999999997 380
0.0024679999999997 380
0.0024689999999997 380
0.0024699999999997 380
0.0024709999999997 380
0.0024719999999997 380
0.0024729999999997 380
0.0024739999999997 380
0.0024749999999997 380
0.0024759999999997 380
0.0024769999999997 380
0.0024779999999997 380
0.0024789999999997 380
0.0024799999999997 380
0.0024809999999997 380
0.0024819999999997 380
0.0024829999999997 380
0.0024839999999997 380
0.0024849999999997 380
0.0024859999999997 380
0.0024869999999997 380
0.0024879999999997 380
0.0024889999999997 380
0.0024899999999997 380
0.0024909999999997 380
0.0024919999999997 380
0.0024929999999997 380
0.0024939999999997 380
0.0024949999999997 380
0.0024959999999997 380
0.0024969999999997 380
0.0024979999999997 380
0.0024989999999997 380
0.0024999999999997 380
0.0025009999999997 380
0.0025019999999997 380
0.0025029999999997 380
0.0025039999999997 380
0.0025049999999997 380
0.0025059999999997 380
0.0025069999999997 380
0.0025079999999997 380
0.0025089999999997 380
0.0025099999999997 380
0.0025109999999997 380
0.0025119999999997 380
0.0025129999999997 380
0.0025139999999997 380
0.0025149999999997 380
0.0025159999999997 380
0.0025169999999997 380
0.0025179999999997 379
0.0025189999999997 379
0.0025199999999997 379
0.0025209999999997 379
0.0025219999999997 379
0.0025229999999997 379
0.0025239999999997 379
0.0025249999999997 379
0.0025259999999997 379
0.0025269999999997 379
0.0025279999999997 379
0.0025289999999997 379
0.0025299999999997 379
0.0025309999999997 379
0.0025319999999997 379
0.0025329999999997 379
0.0025339999999997 379
0.0025349999999997 379
0.0025359999999997 379
0.0025369999999997 378
0.0025379999999997 378
0.0025389999999997 378
0.0025399999999997 378
0.0025409999999997 378
0.0025419999999997 378
0.0025429999999997 378
0.0025439999999997 378
0.0025449999999997 378
0.0025459999999997 378
0.0025469999999997 378
0.0025479999999997 378
0.0025489999999997 378
0.0025499999999997 378
0.0025509999999997 378
0.0025519999999997 379
0.0025529999999997 379
0.0025539999999997 378
0.0025549999999997 378
0.0025559999999997 378
0.0025569999999997 378
0.0025579999999997 377
0.0025589999999997 377
0.0025599999999997 377
0.0025609999999997 377
0.0025619999999997 377
0.0025629999999997 377
0.0025639999999997 377
0.0025649999999997 377
0.0025659999999997 377
0.0025669999999997 377
0.0025679999999997 377
0.0025689999999997 376
0.0025699999999997 376
0.0025709999999997 376
0.0025719999999997 376
0.0025729999999997 376
0.0025739999999997 376
0.0025749999999997 376
0.0025759999999997 376
0.0025769999999997 376
0.0025779999999997 376
0.0025789999999997 376
0.0025799999999997 376
0.0025809999999997 376
0.0025819999999997 376
0.0025829999999997 376
0.0025839999999997 376
0.0025849999999997 376
0.0025859999999997 376
0.0025869999999997 376
0.0025879999999997 376
0.0025889999999997 376
0.0025899999999997 376
0.0025909999999997 376
0.0025919999999997 376
0.0025929999999997 376
0.0025939999999997 376
0.0025949999999997 376
0.0025959999999997 376
0.0025969999999997 376
0.0025979999999997 376
0.0025989999999997 376
0.0025999999999997 376
0.0026009999999997 376
0.0026019999999997 376
0.0026029999999997 376
0.0026039999999997 376
0.0026049999999997 376
0.0026059999999997 377
0.0026069999999997 377
0.0026079999999997 377
0.0026089999999997 377
0.0026099999999997 377
0.0026109999999997 378
0.0026119999999997 378
0.0026129999999997 378
0.0026139999999997 378
0.0026149999999997 378
0.0026159999999997 378
0.0026169999999997 378
0.0026179999999997 378
0.0026189999999997 378
0.0026199999999997 378
0.0026209999999997 378
0.0026219999999997 378
0.0026229999999997 378
0.0026239999999997 378
0.0026249999999997 378
0.0026259999999997 378
0.0026269999999997 378
0.0026279999999997 377
0.0026289999999997 377
0.0026299999999997 377
0.0026309999999997 377
0.0026319999999997 377
0.0026329999999997 377
0.0026339999999997 377
0.0026349999999997 377
0.0026359999999997 377
0.0026369999999997 377
0.0026379999999997 377
0.0026389999999997 377
0.0026399999999997 377
0.0026409999999997 377
0.0026419999999997 377
0.0026429999999997 377
0.0026439999999997 377
0.0026449999999997 377
0.0026459999999997 377
0.0026469999999997 377
0.0026479999999997 377
0.0026489999999997 377
0.0026499999999997 377
0.0026509999999997 376
0.0026519999999997 376
0.0026529999999997 376
0.0026539999999997 376
0.0026549999999997 376
0.0026559999999997 376
0.0026569999999997 376
0.0026579999999997 376
0.0026589999999997 376
0.0026599999999997 376
0.0026609999999997 376
0.0026619999999997 376
0.0026629999999997 376
0.0026639999999997 376
0.0026649999999997 376
0.0026659999999997 376
0.0026669999999997 376
0.0026679999999997 376
0.0026689999999997 376
0.0026699999999997 376
0.0026709999999997 377
0.0026719999999997 376
0.0026729999999997 376
0.0026739999999997 376
0.0026749999999997 376
0.0026759999999997 376
0.0026769999999997 376
0.0026779999999997 376
0.0026789999999997 376
0.0026799999999997 376
0.0026809999999997 376
0.0026819999999997 376
0.0026829999999997 376
0.0026839999999997 376
0.0026849999999997 376
0.0026859999999997 376
0.0026869999999997 376
0.0026879999999997 376
0.0026889999999997 376
0.0026899999999997 376
0.0026909999999997 376
0.0026919999999997 376
0.0026929999999997 376
0.0026939999999997 376
0.0026949999999997 376
0.0026959999999997 376
0.0026969999999997 376
0.0026979999999997 376
0.0026989999999997 376
0.0026999999999997 376
0.0027009999999997 376
0.0027019999999997 376
0.0027029999999997 377
0.0027039999999997 377
0.0027049999999997 377
0.0027059999999997 377
0.0027069999999997 377
0.0027079999999997 376
0.0027089999999997 376
0.0027099999999997 376
0.0027109999999997 376
0.0027119999999997 376
0.0027129999999997 376
0.0027139999999997 376
0.0027149999999997 376
0.0027159999999997 376
0.0027169999999997 376
0.0027179999999997 376
0.0027189999999997 376
0.0027199999999997 376
0.0027209999999997 376
0.0027219999999997 376
0.0027229999999997 376
0.0027239999999997 376
0.0027249999999997 376
0.0027259999999997 376
0.0027269999999997 376
0.0027279999999997 376
0.0027289999999997 376
0.0027299999999997 376
0.0027309999999997 376
0.0027319999999997 376
0.0027329999999997 376
0.0027339999999997 376
0.0027349999999997 376
0.0027359999999997 376
0.0027369999999997 376
0.0027379999999997 376
0.0027389999999997 376
0.0027399999999997 376
0.0027409999999997 376
0.0027419999999997 376
0.0027429999999997 376
0.0027439999999997 376
0.0027449999999997 376
0.0027459999999997 376
0.0027469999999997 376
0.0027479999999997 376
0.0027489999999997 376
0.0027499999999997 376
0.0027509999999997 376
0.0027519999999997 376
0.0027529999999997 376
0.0027539999999997 376
0.0027549999999997 376
0.0027559999999997 376
0.0027569999999997 376
0.0027579999999997 376
0.0027589999999997 376
0.0027599999999997 376
0.0027609999999997 376
0.0027619999999997 376
0.0027629999999997 376
0.0027639999999997 376
0.0027649999999997 376
0.0027659999999997 376
0.0027669999999997 376
0.0027679999999997 376
0.0027689999999997 376
0.0027699999999997 376
0.0027709999999997 376
0.0027719999999997 376
0.0027729999999997 376
0.0027739999999997 376
0.0027749999999997 376
0.0027759999999997 376
0.0027769999999997 376
0.0027779999999997 376
0.0027789999999997 376
0.0027799999999997 376
0.0027809999999997 376
0.0027819999999997 376
0.0027829999999997 376
0.0027839999999997 376
0.0027849999999997 376
0.0027859999999997 376
0.0027869999999997 376
0.0027879999999997 376
0.0027889999999997 376
0.0027899999999997 376
0.0027909999999997 376
0.0027919999999997 376
0.0027929999999997 376
0.0027939999999997 376
0.0027949999999997 376
0.0027959999999997 376
0.0027969999999997 376
0.0027979999999997 376
0.0027989999999997 376
0.0027999999999997 376
0.0028009999999997 376
0.0028019999999997 376
0.0028029999999997 376
0.0028039999999997 376
0.0028049999999997 376
0.0028059999999997 376
0.0028069999999997 376
0.0028079999999997 376
0.0028089999999997 376
0.0028099999999997 376
0.0028109999999997 376
0.0028119999999997 376
0.0028129999999997 376
0.0028139999999997 376
0.0028149999999997 376
0.0028159999999997 376
0.0028169999999997 376
0.0028179999999997 376
0.0028189999999997 376
0.0028199999999997 376
0.0028209999999997 376
0.0028219999999997 376
0.0028229999999997 376
0.0028239999999997 376
0.0028249999999997 376
0.0028259999999997 376
0.0028269999999997 376
0.0028279999999997 376
0.0028289999999997 376
0.0028299999999997 376
0.0028309999999997 376
0.0028319999999997 376
0.0028329999999997 376
0.0028339999999997 376
0.0028349999999997 376
0.0028359999999997 376
0.0028369999999997 376
0.0028379999999997 376
0.0028389999999997 376
0.0028399999999997 376
0.0028409999999997 376
0.0028419999999997 376
0.0028429999999997 376
0.0028439999999997 376
0.0028449999999997 376
0.0028459999999997 376
0.0028469999999997 376
0.0028479999999997 376
0.0028489999999997 376
0.0028499999999997 376
0.0028509999999997 376
0.0028519999999997 376
0.0028529999999997 376
0.0028539999999997 376
0.0028549999999997 376
0.0028559999999997 376
0.0028569999999997 376
0.0028579999999997 376
0.0028589999999997 376
0.0028599999999997 376
0.0028609999999997 376
0.0028619999999997 376
0.0028629999999997 376
0.0028639999999997 376
0.0028649999999997 376
0.0028659999999997 376
0.0028669999999997 376
0.0028679999999997 376
0.0028689999999997 376
0.0028699999999997 376
0.0028709999999997 376
0.0028719999999997 376
0.0028729999999997 376
0.0028739999999997 376
0.0028749999999997 376
0.0028759999999997 376
0.0028769999999997 376
0.0028779999999997 376
0.0028789999999997 376
0.0028799999999997 376
0.0028809999999997 376
0.0028819999999997 376
0.0028829999999997 376
0.0028839999999997 376
0.0028849999999997 376
0.0028859999999997 376
0.0028869999999997 377
0.0028879999999997 377
0.0028889999999997 377
0.0028899999999997 377
0.0028909999999997 377
0.0028919999999997 377
0.0028929999999997 377
0.0028939999999997 377
0.0028949999999997 377
0.0028959999999997 377
0.0028969999999997 377
0.0028979999999997 377
0.0028989999999997 377
0.0028999999999997 377
0.0029009999999997 377
0.0029019999999997 376
0.0029029999999997 376
0.0029039999999997 376
0.0029049999999997 376
0.0029059999999997 376
0.0029069999999997 376
0.0029079999999997 376
0.0029089999999997 376
0.0029099999999997 376
0.0029109999999997 376
0.0029119999999997 376
0.0029129999999997 376
0.0029139999999997 376
0.0029149999999997 376
0.0029159999999997 376
0.0029169999999997 376
0.0029179999999997 376
0.0029189999999997 376
0.0029199999999997 376
0.0029209999999997 376
0.0029219999999997 376
0.0029229999999997 376
0.0029239999999997 376
0.0029249999999997 376
0.0029259999999997 376
0.0029269999999997 376
0.0029279999999997 376
0.0029289999999997 376
0.0029299999999997 376
0.0029309999999997 376
0.0029319999999997 376
0.0029329999999997 376
0.0029339999999997 376
0.0029349999999997 376
0.0029359999999997 376
0.0029369999999997 376
0.0029379999999997 376
0.0029389999999997 376
0.0029399999999997 376
0.0029409999999997 376
0.0029419999999997 376
0.0029429999999997 376
0.0029439999999997 376
0.0029449999999997 376
0.0029459999999997 376
0.0029469999999997 376
0.0029479999999997 376
0.0029489999999997 376
0.0029499999999997 376
0.0029509999999997 376
0.0029519999999997 376
0.0029529999999997 377
0.0029539999999997 376
0.0029549999999997 376
0.0029559999999997 376
0.0029569999999997 376
0.0029579999999997 376
0.0029589999999997 376
0.0029599999999997 376
0.0029609999999997 377
0.0029619999999997 377
0.0029629999999997 377
0.0029639999999997 377
0.0029649999999997 377
0.0029659999999997 377
0.0029669999999997 377
0.0029679999999997 377
0.0029689999999997 377
0.0029699999999997 377
0.0029709999999997 377
0.0029719999999997 377
0.0029729999999997 377
0.0029739999999997 377
0.0029749999999997 377
0.0029759999999997 377
0.0029769999999997 377
0.0029779999999997 377
0.0029789999999997 377
0.0029799999999997 377
0.0029809999999997 377
0.0029819999999997 377
0.0029829999999997 377
0.0029839999999997 377
0.0029849999999997 377
0.0029859999999997 377
0.0029869999999997 377
0.0029879999999997 377
0.0029889999999997 377
0.0029899999999997 377
0.0029909999999997 377
0.0029919999999997 377
0.0029929999999997 377
0.0029939999999997 377
0.0029949999999997 377
0.0029959999999997 377
0.0029969999999997 377
0.0029979999999997 377
0.0029989999999997 377
0.0029999999999997 377
